136.51052 86.42349 60.22373 207.29614 49.12585 400.00000 4.81711
140.77116 93.11720 60.51880 222.46220 49.39039 400.00000 4.90438
138.54547 92.09718 62.30385 226.83429 49.02139 400.00000 4.99164
137.31953 91.75853 64.63376 227.86088 49.02045 400.00000 5.07891
77.12244 66.02146 67.86736 171.91548 262.03693 400.00000 5.16617
75.65693 66.92497 63.99409 173.76708 270.14367 400.00000 5.25344
75.83117 66.98989 61.56193 177.98471 281.15677 400.00000 5.34071
76.63621 62.77284 59.69667 184.09834 119.61493 400.00000 5.42797
78.17577 59.14407 59.03841 191.59469 108.99900 400.00000 5.51524
80.61517 56.00853 58.83697 201.89289 101.71097 400.00000 5.60251
84.21783 53.29194 59.08508 215.91209 96.62984 400.00000 5.68977
91.20287 51.95455 60.51722 230.27189 91.77003 400.00000 5.77704
101.07060 50.97467 56.02435 231.14337 88.48456 400.00000 5.86431
118.01248 51.41496 52.54254 234.95745 84.89042 400.00000 5.95157
135.30023 51.17969 48.65055 239.77602 83.58729 400.00000 6.03884
137.65682 52.49850 46.37761 246.95872 81.93740 400.00000 6.12611
142.24631 55.62306 45.56093 256.95831 79.97053 400.00000 6.21337
115.82566 55.65055 42.10256 227.69666 86.81395 400.00000 0.01745
121.65138 60.46137 42.00640 236.31787 86.05968 400.00000 0.10472
130.75418 68.32768 43.23686 230.87619 84.98380 400.00000 0.19199
141.90540 76.89654 43.80482 228.07165 85.55244 400.00000 0.27925
135.66880 69.00325 53.05527 207.13197 82.39323 400.00000 0.36652
138.28981 70.23387 56.77068 206.44833 82.07434 400.00000 0.45379
139.30767 70.53425 60.08050 207.59958 83.57761 400.00000 0.54105
142.71332 73.06789 64.85579 210.17568 84.58719 400.00000 0.62832
114.28660 70.14567 57.74072 179.10463 68.82324 400.00000 0.71558
118.67543 74.17510 56.41192 183.90177 70.54062 400.00000 0.80285
126.24688 81.49670 56.94299 190.41369 71.59516 400.00000 0.89012
134.81168 84.50319 57.19610 198.60357 73.59313 400.00000 0.97738
145.35456 83.67030 59.33356 347.40098 74.86606 400.00000 1.06465
142.52147 83.44937 61.27331 321.44797 78.64432 400.00000 1.15192
139.90024 83.88011 64.54220 300.53142 82.23712 400.00000 1.23918
139.72474 86.11307 68.55305 283.83358 89.46390 400.00000 1.32645
139.75805 89.24712 74.28048 270.12116 97.83229 400.00000 1.41372
140.89862 93.45634 75.98646 245.17900 111.52067 400.00000 1.50098
143.93625 100.34580 75.32303 219.87033 135.87206 400.00000 1.58825
148.47258 109.22116 75.23907 200.67738 254.16096 400.00000 1.67552
155.59946 117.60449 76.73722 184.58161 254.46280 400.00000 1.76278
164.36126 114.07173 77.83719 127.42412 257.74976 400.00000 1.85005
297.72681 112.55571 81.66793 96.49112 250.49917 400.00000 1.93732
275.33066 111.29392 85.26812 81.28566 241.99636 400.00000 2.02458
257.13636 112.30282 90.90747 68.80542 234.42169 400.00000 2.11185
117.93138 184.51005 61.04281 74.53284 60.68725 400.00000 2.02458
119.62227 175.21169 60.66731 75.37542 64.20198 400.00000 1.93732
122.14957 169.25494 62.41974 75.77583 66.88988 400.00000 1.85005
126.30196 163.41002 63.10721 77.94523 71.20417 400.00000 1.76278
132.12627 158.97823 64.41808 80.95864 68.65714 400.00000 1.67552
141.37739 155.18900 65.63327 86.28458 67.71896 400.00000 1.58825
153.90067 152.58910 67.67720 91.57261 67.31108 400.00000 1.50098
171.19082 151.12622 70.86702 90.85108 67.41802 400.00000 1.41372
123.83153 110.39903 438.36615 71.05121 74.73620 400.00000 1.32645
114.97083 110.27320 294.52592 72.55246 70.98726 400.00000 1.23918
106.83520 110.15863 263.30748 74.09649 67.41001 400.00000 1.15192
100.00232 110.91121 240.74619 76.39289 64.51015 400.00000 1.06465
94.37741 112.80246 222.32676 81.38991 63.59214 400.00000 0.97738
88.22596 114.02693 209.28862 88.16012 63.41806 400.00000 0.89012
84.25106 118.35900 198.68085 96.54128 63.48188 400.00000 0.80285
80.28751 123.52002 190.39302 105.05844 64.86393 400.00000 0.71558
77.66924 383.46842 156.89000 93.92502 67.37840 400.00000 0.62832
74.77567 401.23715 129.32164 83.87380 69.92479 400.00000 0.54105
72.47854 424.10204 113.14005 75.56612 74.70482 400.00000 0.45379
72.15320 293.17690 100.12935 69.97638 80.18533 400.00000 0.36652
70.75599 263.16237 93.82869 63.79665 87.16498 400.00000 0.27925
70.72057 239.23383 88.30971 59.16913 96.46602 400.00000 0.19199
71.25560 220.80066 84.47780 55.13254 86.07943 400.00000 0.10472
73.54692 205.26918 80.78983 52.35264 74.53530 400.00000 0.01745
76.88619 192.99070 78.19769 49.97571 65.39460 400.00000 6.21337
81.64593 183.28379 76.47766 47.94946 57.98504 400.00000 6.12611
89.98272 174.65448 74.57364 47.03285 52.75544 400.00000 6.03884
381.00563 167.84319 73.37221 46.44113 48.41952 400.00000 5.95157
410.64807 143.36837 72.19360 46.87547 45.46126 400.00000 5.86431
243.52326 125.43929 71.36214 47.87840 43.16922 400.00000 5.77704
219.05748 112.87192 71.34016 49.20301 41.16624 400.00000 5.68977
197.17107 102.00663 70.79572 52.28106 40.45138 400.00000 5.60251
181.16204 93.98817 71.03772 56.07588 39.91629 400.00000 5.51524
167.18193 86.76000 184.98177 62.24968 40.46204 400.00000 5.42797
156.05626 80.35015 184.30733 320.64433 41.97041 400.00000 5.34071
146.63941 75.80455 185.77560 338.03993 43.19392 400.00000 5.25344
106.74442 56.86038 58.05744 204.65396 85.79338 400.00000 5.34071
105.71679 58.25217 55.32576 333.92389 75.10566 400.00000 5.42797
105.76536 59.56272 52.57181 314.72809 68.52130 400.00000 5.51524
106.33680 62.20998 50.90952 298.73702 65.17778 400.00000 5.60251
107.82333 65.72506 49.67602 286.23935 63.18422 400.00000 5.68977
111.26118 72.37111 50.22776 275.26850 61.02775 400.00000 5.77704
116.54900 80.03853 50.58797 267.79162 59.28628 400.00000 5.86431
124.86414 81.03147 52.76438 261.22321 57.37626 400.00000 5.95157
134.49498 78.84412 54.57484 257.20332 57.33022 400.00000 6.03884
150.47267 78.48428 57.16815 202.59178 56.88528 400.00000 6.12611
175.01873 79.44260 61.94488 153.42790 56.63354 400.00000 6.21337
289.38418 80.03297 66.68744 127.74214 57.75865 400.00000 0.01745
272.06162 82.41490 73.50796 109.41235 58.48864 400.00000 0.10472
257.66094 86.87722 72.59412 95.13019 58.71831 400.00000 0.19199
246.09691 92.62159 71.56761 84.80053 59.48491 400.00000 0.27925
236.93020 100.02888 71.09996 77.08737 60.94084 400.00000 0.36652
229.84774 109.67702 71.17568 71.20663 63.35252 400.00000 0.45379
225.07177 124.62592 73.05865 65.11706 66.88123 400.00000 0.54105
168.92919 228.53440 88.18673 46.89232 41.25565 400.00000 0.45379
168.69750 242.45312 86.37206 50.00242 40.78263 400.00000 0.36652
165.97969 261.86870 86.50565 52.28182 39.37509 400.00000 0.27925
164.04472 248.10405 86.05301 57.18426 39.53476 400.00000 0.19199
163.31808 111.63324 86.25768 63.55475 39.99767 400.00000 0.10472
164.31851 103.10567 86.15454 73.75058 41.75180 400.00000 0.01745
90.33641 178.05510 66.59429 85.97639 65.41567 400.00000 6.21337
91.07815 169.93751 66.26744 80.55885 69.68635 400.00000 6.12611
92.07722 164.44660 67.50356 75.51781 73.74453 400.00000 6.03884
94.56158 159.47007 68.27262 71.63867 79.87517 400.00000 5.95157
98.88601 154.89143 68.49821 68.80432 88.52293 400.00000 5.86431
105.59608 152.84282 70.93788 66.92974 85.76496 400.00000 5.77704
114.04704 150.61772 72.59047 65.08979 77.16761 400.00000 5.68977
107.83405 131.61138 306.65169 54.50593 59.97886 400.00000 5.60251
124.11371 131.60749 300.59151 54.21968 55.47572 400.00000 5.51524
130.99058 131.64545 296.39312 54.84547 52.19839 400.00000 5.42797
123.25004 133.18773 280.67240 57.00379 50.42000 400.00000 5.34071
116.41990 135.46511 265.28004 58.75936 48.19192 400.00000 5.25344
110.20099 138.46568 252.49881 63.01079 47.73619 400.00000 5.16617
106.26978 144.83773 64.12015 69.11176 48.08757 400.00000 5.07891
101.85305 151.57425 78.14053 76.30856 48.36650 400.00000 4.99164
98.58735 161.70326 233.72563 87.48747 49.93151 400.00000 4.90438
96.00432 301.98089 248.71762 102.75420 51.93826 400.00000 4.81711
94.48920 292.34584 267.67093 101.08550 55.40922 400.00000 4.72984
93.62904 285.27442 293.12961 93.16329 59.55828 400.00000 4.64258
93.44573 280.52282 328.08703 86.47335 64.55100 400.00000 4.55531
94.47431 273.10434 445.50061 81.19205 71.71724 400.00000 4.46804
96.39100 256.35830 432.50460 76.71492 80.43815 400.00000 4.38078
100.62483 243.16468 420.99296 73.83007 90.60443 400.00000 4.29351
105.68259 231.78743 233.30127 71.01532 95.67632 400.00000 4.20624
113.56126 223.91335 216.51900 69.23610 86.05751 400.00000 4.11898
124.27796 216.07175 204.31748 67.84001 78.12606 400.00000 4.03171
262.53799 191.63796 194.38323 67.45209 72.16093 400.00000 3.94444
254.18078 137.57226 186.60973 68.01060 67.67228 400.00000 3.85718
220.27168 143.31812 54.72688 60.13308 55.64630 400.00000 3.76991
216.59745 118.86825 53.95539 62.55382 53.75930 400.00000 3.68264
206.38030 102.26579 53.34029 66.28281 52.75265 400.00000 3.59538
193.30289 91.15274 53.43588 70.54766 51.76196 400.00000 3.50811
181.64921 81.18599 52.68622 78.11747 52.49244 400.00000 3.42085
107.61606 73.47191 52.22342 152.99222 193.49570 400.00000 3.50811
107.69107 82.40964 53.48032 155.35929 197.09068 400.00000 3.59538
107.49704 91.95897 53.90851 159.00166 203.60616 400.00000 3.68264
109.32626 95.89688 56.05025 164.57475 211.16064 400.00000 3.76991
111.01179 90.26026 59.45228 170.39373 220.02010 400.00000 3.85718
115.16077 86.44366 62.79567 176.42977 233.20229 400.00000 3.94444
119.22455 84.33344 68.34737 173.02635 235.96854 400.00000 4.03171
116.79882 81.85303 74.69051 170.93641 62.92642 400.00000 4.11898
115.35958 80.98333 84.07146 169.10697 62.76825 400.00000 4.20624
115.41568 80.70335 88.07922 169.56881 64.24672 400.00000 4.29351
115.69162 81.05038 82.25775 170.31205 65.22704 400.00000 4.38078
117.85390 83.18057 78.52336 172.45330 66.32269 400.00000 4.46804
122.01099 86.15953 75.57590 177.32828 69.69685 400.00000 4.55531
126.92837 90.18154 73.32382 182.93806 72.84097 400.00000 4.64258
134.93266 90.86141 72.68480 190.80187 76.74910 400.00000 4.72984
140.02133 89.09048 72.60495 201.53792 82.91148 400.00000 4.81711
136.74913 88.77068 74.08706 215.02417 91.78442 400.00000 4.90438
134.47060 88.30558 75.15022 218.95374 110.06110 400.00000 4.99164
133.15833 90.21018 78.92192 223.74551 146.53520 400.00000 5.07891
132.82198 92.08812 82.43838 231.46670 248.01104 400.00000 5.16617
134.62483 96.55413 83.12219 242.47400 246.29616 400.00000 5.25344
136.49611 101.55082 80.96717 255.98818 246.91891 400.00000 5.34071
92.70510 75.93488 77.91746 201.94272 202.43463 400.00000 5.42797
95.40094 72.17582 78.44264 218.63972 157.92381 400.00000 5.51524
99.32940 69.01051 79.57400 241.88081 134.01166 400.00000 5.60251
106.46405 67.36905 81.98275 277.31373 117.39659 400.00000 5.68977
116.23896 66.21659 78.40417 331.13593 106.38968 400.00000 5.77704
129.55369 65.53886 72.03131 328.93806 99.45500 400.00000 5.86431
132.81205 65.33984 66.77281 327.83506 94.03461 400.00000 5.95157
137.98697 66.75612 63.45724 327.98259 89.52853 400.00000 6.03884
145.09778 68.83137 60.80620 330.67949 86.33147 400.00000 6.12611
154.75150 71.69194 58.72298 336.09226 84.15895 400.00000 6.21337
169.37445 76.85075 58.14163 344.20742 81.79287 400.00000 0.01745
189.53625 83.49428 58.00884 196.06626 80.23310 400.00000 0.10472
218.38561 92.16291 58.31948 165.54878 79.37538 400.00000 0.19199
264.55385 102.35883 60.10429 143.28662 78.21633 400.00000 0.27925
256.56953 93.43255 73.86126 136.20155 83.03945 400.00000 0.36652
253.12045 98.16585 78.19358 122.25479 82.15131 400.00000 0.45379
251.84769 103.19797 80.17555 112.86522 82.81104 400.00000 0.54105
253.19805 111.78212 79.92180 104.01244 82.78061 400.00000 0.62832
108.02600 112.07011 92.28914 372.83558 50.67848 400.00000 0.71558
108.20749 104.42358 93.39496 406.61597 51.20390 400.00000 0.80285
108.94723 97.73698 96.13595 399.33830 51.17297 400.00000 0.89012
111.81474 93.06308 100.30983 279.26130 51.09080 400.00000 0.97738
114.35146 87.98972 105.89792 269.91279 50.80671 400.00000 1.06465
100.72830 71.27532 100.86884 250.66797 64.30598 400.00000 1.15192
106.51632 68.78181 89.50442 246.49239 62.14350 400.00000 1.23918
115.75067 67.47489 81.16981 242.90914 60.19920 400.00000 1.32645
128.62800 66.65070 74.38302 241.16899 58.99887 400.00000 1.41372
147.25422 66.30844 68.79079 241.25466 58.38671 400.00000 1.50098
309.73452 60.37146 58.26033 224.22530 68.82029 400.00000 1.58825
336.65418 61.89900 55.52983 186.12566 67.65699 400.00000 1.67552
324.27778 64.08679 53.33925 153.56214 67.08437 400.00000 1.76278
209.32707 68.33503 52.58157 130.80629 66.11751 400.00000 1.85005
201.72246 73.81875 52.23413 115.09963 65.69054 400.00000 1.93732
196.74619 81.39984 52.56310 103.05029 65.31615 400.00000 2.02458
191.99260 92.62983 53.99698 93.42411 65.00397 400.00000 2.11185
189.60298 108.42189 56.18057 85.44852 64.73473 400.00000 2.19911
187.27647 267.34850 59.63669 78.66199 64.51522 400.00000 2.28638
187.70343 295.66218 63.03491 73.76115 65.24192 400.00000 2.37365
109.53964 111.04509 205.40174 39.07511 37.18918 400.00000 2.28638
102.57207 111.81785 202.50285 40.47029 35.79608 400.00000 2.19911
96.29913 113.06832 202.01912 41.24504 33.82742 400.00000 2.11185
90.46961 114.75496 176.18747 44.24008 33.51573 400.00000 2.02458
86.76509 119.45928 145.46642 48.72330 33.90139 400.00000 1.93732
82.41286 124.01257 129.48215 53.80983 34.10617 400.00000 1.85005
79.06583 221.91239 117.56357 62.17632 35.48574 400.00000 1.76278
76.24271 211.86594 109.32134 73.57325 37.18842 400.00000 1.67552
74.33009 203.19565 104.87287 78.82864 40.22418 400.00000 1.58825
72.88744 196.47912 105.78533 71.89929 43.78792 400.00000 1.50098
71.90979 191.47420 107.56934 65.96386 48.01750 400.00000 1.41372
71.90749 187.19232 109.25908 61.24287 54.20292 400.00000 1.32645
72.48794 184.35795 111.96310 57.14747 61.66744 400.00000 1.23918
75.00402 183.48081 116.19373 54.47656 70.21597 400.00000 1.15192
77.85095 175.07302 120.30687 51.73604 69.01258 400.00000 1.06465
83.50970 151.29769 126.45583 50.28420 61.92043 400.00000 0.97738
183.22028 135.38981 134.41431 48.24734 55.06827 400.00000 0.89012
174.27084 122.69160 145.85729 47.45959 50.33190 400.00000 0.80285
166.23163 112.05265 159.92286 47.44900 46.80573 400.00000 0.71558
160.29239 102.95214 181.11733 48.84972 44.81052 400.00000 0.62832
155.11944 96.52480 213.01807 49.69055 42.32093 400.00000 0.54105
150.89324 89.88386 264.65691 52.72811 41.56937 400.00000 0.45379
76.69789 54.92279 54.85211 94.51669 141.21937 400.00000 0.54105
72.39772 56.18137 52.18401 96.65029 142.23286 400.00000 0.62832
67.30161 57.91044 49.96026 97.92061 143.76133 400.00000 0.71558
64.09523 60.41919 48.27985 102.51244 147.14145 400.00000 0.80285
60.74122 64.68679 47.66631 108.09797 150.87403 400.00000 0.89012
58.59808 63.83537 48.16879 118.08005 155.75011 400.00000 0.97738
56.79979 57.54061 49.04471 132.99307 162.42766 400.00000 1.06465
54.69012 51.53324 51.00054 128.31442 170.09387 400.00000 1.15192
52.82405 46.24814 53.43170 124.97033 180.43777 400.00000 1.23918
52.90373 42.93003 56.51255 123.17577 195.33293 400.00000 1.32645
52.67127 39.45441 59.31703 121.33801 213.84627 400.00000 1.41372
52.83593 36.31455 49.95771 120.37889 239.79924 400.00000 1.50098
54.80752 34.26804 43.43389 119.94972 276.90294 400.00000 1.58825
57.73912 32.44413 38.06636 120.43897 334.98098 400.00000 1.67552
62.07645 30.80589 33.55921 121.93365 503.41875 400.00000 1.76278
70.73249 30.20902 30.60303 124.15888 468.37304 400.00000 1.85005
84.45390 29.80838 28.08776 127.70165 441.39728 400.00000 1.93732
91.69840 30.57803 26.77146 132.39826 419.94451 400.00000 2.02458
88.69332 32.38584 26.28029 140.65044 226.33923 400.00000 2.11185
85.35595 33.95408 25.43394 150.43143 123.22570 400.00000 2.19911
83.54425 36.88999 25.35478 166.42327 87.99643 400.00000 2.28638
81.92938 42.06372 26.30007 189.13330 75.80375 400.00000 2.37365
81.22697 47.38367 26.62531 225.91932 207.38556 400.00000 2.46091
81.41663 59.40707 29.48119 291.52573 211.76036 400.00000 2.54818
81.53898 66.60756 31.22623 480.17410 219.71319 400.00000 2.63545
84.84320 64.00352 34.60726 448.08384 229.15085 400.00000 2.72271
87.54860 60.63574 38.88023 423.03643 241.07146 400.00000 2.80998
93.03315 58.66615 44.65704 402.59102 256.16815 400.00000 2.89725
100.65317 57.11138 51.60171 276.07944 276.19830 400.00000 2.98451
111.44634 55.94591 60.14371 210.71430 303.07314 400.00000 3.07178
129.66137 56.16713 57.25321 167.00060 475.03279 400.00000 3.15905
158.11336 56.84804 53.90106 134.02573 451.14190 400.00000 3.24631
207.83596 58.04395 51.14293 113.84665 432.88179 400.00000 3.33358
397.55174 49.45897 40.40204 124.94037 67.47820 400.00000 3.42085
367.15820 53.73860 40.53901 109.91044 66.18103 400.00000 3.50811
343.76106 57.81351 40.04136 99.80891 66.32826 400.00000 3.59538
324.23259 64.69233 40.79460 90.96232 66.06731 400.00000 3.68264
309.26464 74.41310 42.22256 83.58303 65.89453 400.00000 3.76991
233.35843 87.70741 44.02900 77.75927 66.22677 400.00000 3.85718
181.28505 109.15355 47.28349 72.09804 66.13654 400.00000 3.94444
73.11585 314.95202 87.71685 36.60593 37.28441 400.00000 3.85718
82.43223 476.25397 86.35697 35.59088 34.62239 400.00000 3.76991
100.14088 447.15981 84.74485 35.85065 33.28233 400.00000 3.68264
132.45497 147.15738 83.49823 36.76760 32.34796 400.00000 3.59538
200.46415 132.03765 83.26215 37.71576 30.76147 400.00000 3.50811
212.53338 120.30320 83.32142 39.49709 29.74650 400.00000 3.42085
220.48837 110.12181 83.07305 43.28315 29.92412 400.00000 3.33358
232.26211 101.00399 82.50814 49.72199 31.29213 400.00000 3.24631
246.70144 94.80741 83.53548 56.44446 31.95443 400.00000 3.15905
267.12518 88.87353 84.26636 67.67804 33.88345 400.00000 3.07178
294.50710 84.07992 85.70574 83.79494 36.17925 400.00000 2.98451
421.49770 79.24237 86.86809 111.69779 39.98805 400.00000 2.89725
357.30946 52.50916 62.00850 159.89859 68.83634 400.00000 2.98451
372.03002 52.22437 57.25007 153.03261 66.93719 400.00000 3.07178
390.64982 51.32525 52.31770 148.39996 66.71023 400.00000 3.15905
221.91582 51.81715 49.13097 131.81959 65.99634 400.00000 3.24631
197.33522 53.86644 47.46210 114.52654 64.83595 400.00000 3.33358
142.19671 268.24375 40.87058 107.94521 67.93445 400.00000 3.24631
150.31901 238.35236 40.19458 107.00104 70.06774 400.00000 3.15905
161.23307 215.93348 39.80266 104.80084 72.82157 400.00000 3.07178
176.02288 198.75195 39.70007 103.37567 76.29070 400.00000 2.98451
317.91837 184.17413 38.83095 103.50803 81.67284 400.00000 2.89725
298.32340 114.00620 38.18556 104.45581 88.19306 400.00000 2.80998
282.59794 85.12254 37.76969 106.28829 96.15676 400.00000 2.72271
269.35272 69.22186 36.29730 110.00885 99.18871 400.00000 2.63545
259.58032 58.17232 35.37281 115.77427 96.86380 400.00000 2.54818
252.11797 51.02471 34.54309 123.22217 95.34059 400.00000 2.46091
155.72354 65.67797 38.02175 267.90627 94.53008 400.00000 2.54818
171.67600 78.93612 40.57195 289.96126 93.95011 400.00000 2.63545
178.05381 95.89294 42.75664 311.01976 94.72926 400.00000 2.72271
177.66025 98.54534 46.26292 106.04110 95.61122 400.00000 2.80998
120.32623 80.10734 76.14869 261.40716 74.22222 400.00000 2.89725
121.14133 82.83097 73.17357 269.35600 75.05537 400.00000 2.98451
123.00242 86.52476 70.87256 280.35190 76.55891 400.00000 3.07178
126.90327 92.75091 70.17093 295.11308 77.89352 400.00000 3.15905
132.39834 98.14348 70.01066 314.72772 80.03948 400.00000 3.24631
139.94034 95.09325 70.38558 340.86769 83.19112 400.00000 3.33358
151.31523 93.41551 72.32889 376.20979 86.44127 400.00000 3.42085
166.88937 92.42177 74.90156 425.30956 91.19804 400.00000 3.50811
190.25400 92.79943 79.26473 134.05219 96.56941 400.00000 3.59538
222.51207 94.02727 83.44515 99.61497 108.14542 400.00000 3.68264
228.57531 95.98668 89.62050 82.55483 122.01443 400.00000 3.76991
238.37892 100.56703 87.22393 69.16568 145.59368 400.00000 3.85718
251.45252 105.66753 84.90870 61.41232 199.27780 400.00000 3.94444
121.89790 84.94387 77.76188 388.05910 55.24217 400.00000 4.03171
129.71133 82.35229 77.45141 387.12069 55.43373 400.00000 4.11898
142.29558 81.36692 78.49061 159.84793 55.22451 400.00000 4.20624
159.84562 80.97715 80.83397 118.58250 54.86058 400.00000 4.29351
185.37541 81.20507 83.18861 97.05890 55.49709 400.00000 4.38078
163.56337 59.66768 56.85803 128.55443 60.08513 400.00000 4.46804
215.28713 61.36969 54.35016 111.51660 59.59196 400.00000 4.55531
248.93839 63.75031 52.35395 99.50588 59.56035 400.00000 4.64258
262.83186 68.29349 51.81037 89.21720 58.97645 400.00000 4.72984
281.14803 74.14421 51.66698 81.41358 58.84719 400.00000 4.81711
292.60291 83.35891 52.92365 74.10732 58.16185 400.00000 4.90438
207.81821 121.77762 69.63442 49.77754 42.21395 400.00000 4.81711
201.10166 109.85067 69.74297 51.76098 40.62371 400.00000 4.72984
196.02986 99.55966 69.37759 55.85281 40.37141 400.00000 4.64258
179.13089 91.66698 69.54249 61.15771 40.42791 400.00000 4.55531
162.90830 84.30147 69.23126 69.84648 41.80738 400.00000 4.46804
101.92771 64.28456 56.93162 160.99541 55.67537 400.00000 4.55531
104.39551 68.07095 55.90220 165.63311 54.69936 400.00000 4.64258
108.04385 72.92310 55.32258 172.25169 54.16156 400.00000 4.72984
113.17588 79.19822 55.17028 181.38412 54.04129 400.00000 4.81711
120.26405 76.71083 55.43960 193.85992 54.33422 400.00000 4.90438
120.20857 75.48581 57.15928 211.01841 54.03230 400.00000 4.99164
118.59414 74.80632 59.38161 218.40771 54.13977 400.00000 5.07891
117.82595 74.67860 62.18222 220.99559 54.67733 400.00000 5.16617
119.04841 76.70016 66.78140 225.49746 54.57537 400.00000 5.25344
88.66414 70.21221 62.40071 195.24578 103.15380 400.00000 5.34071
90.23296 73.90995 60.52014 202.37395 92.38662 400.00000 5.42797
92.75091 70.17093 59.85322 211.16983 85.65452 400.00000 5.51524
96.45029 67.01021 58.94731 224.15833 80.88785 400.00000 5.60251
101.69701 64.35253 59.90137 239.33987 78.12331 400.00000 5.68977
110.87408 63.16044 61.34370 240.56912 74.83176 400.00000 5.77704
123.75992 62.41797 63.31047 242.70966 72.56360 400.00000 5.86431
145.05701 63.19755 64.58354 245.80178 70.11088 400.00000 5.95157
151.77225 63.41831 60.28438 251.04985 69.54547 400.00000 6.03884
154.91789 65.33147 57.71436 258.79125 68.46548 400.00000 6.12611
160.52192 69.21981 56.69805 265.05957 66.92868 400.00000 6.21337
99.79259 67.57566 51.12454 193.09505 81.80972 400.00000 0.01745
104.24838 72.83994 51.00777 204.27237 81.13486 400.00000 0.10472
111.57806 71.05051 51.28092 209.91754 80.93400 400.00000 0.19199
121.60117 69.76919 52.97327 206.34028 80.51631 400.00000 0.27925
135.24133 68.98684 55.13587 204.33035 80.71301 400.00000 0.36652
135.08397 69.45696 58.91297 203.02435 80.52696 400.00000 0.45379
92.59249 54.56192 52.10720 163.75440 293.95042 400.00000 0.54105
92.51059 55.50367 49.26562 164.41038 271.99886 400.00000 0.62832
94.40977 57.87115 47.63690 167.05135 243.71414 400.00000 0.71558
97.35389 61.95496 47.11821 170.30612 223.11157 400.00000 0.80285
101.59770 67.21471 46.96394 175.29641 134.71782 400.00000 0.89012
109.16321 68.42612 47.88307 183.15789 74.14401 400.00000 0.97738
119.53386 67.36139 49.18736 193.83122 75.59203 400.00000 1.06465
131.63271 66.78209 50.91749 336.84036 79.44886 400.00000 1.15192
128.86742 66.70470 53.88509 314.96009 83.14708 400.00000 1.23918
127.60530 68.26672 58.27009 296.85432 88.40750 400.00000 1.32645
127.27801 70.51636 61.85430 282.58691 96.56174 400.00000 1.41372
127.93416 73.58987 59.83365 271.46761 109.91172 400.00000 1.50098
130.34059 79.02427 59.31835 244.10385 133.65600 400.00000 1.58825
134.06587 86.02407 59.25931 222.79842 270.17140 400.00000 1.67552
139.39198 95.16827 59.65375 206.35418 271.56003 400.00000 1.76278
147.57745 102.42326 61.53679 189.45521 274.04890 400.00000 1.85005
159.93996 101.08930 63.95786 141.56168 265.83444 400.00000 1.93732
289.75933 100.26110 68.09271 114.94447 255.89584 400.00000 2.02458
271.09385 99.58563 71.94398 99.79913 249.34088 400.00000 2.11185
254.96496 101.76393 79.05610 85.66554 242.84086 400.00000 2.19911
242.78719 104.25923 86.36784 76.67968 239.15268 400.00000 2.28638
93.07204 189.48724 62.30788 61.52467 52.70507 400.00000 2.19911
99.64499 198.31767 62.55272 60.07583 53.68940 400.00000 2.11185
97.93237 188.04702 63.03829 58.01846 55.06585 400.00000 2.02458
99.38859 179.44523 63.68672 58.44096 57.73296 400.00000 1.93732
100.11125 172.56921 64.61810 58.25189 57.22724 400.00000 1.85005
102.79166 166.65875 65.45204 59.65085 54.49197 400.00000 1.76278
106.72614 162.18792 66.95093 61.66941 52.29887 400.00000 1.67552
113.52655 158.38461 68.40989 65.72058 51.57966 400.00000 1.58825
122.81385 155.79505 70.77561 70.92305 51.26445 400.00000 1.50098
135.71168 154.36732 74.40202 72.02228 51.34134 400.00000 1.41372
156.09012 153.43796 78.61849 72.35093 52.82530 400.00000 1.32645
160.21090 153.66480 85.40388 73.26992 54.75872 400.00000 1.23918
151.26269 155.96817 99.98257 75.50160 57.20909 400.00000 1.15192
106.87015 118.52823 241.24953 69.87034 59.00217 400.00000 1.06465
101.10944 120.84877 222.78477 74.43170 58.15551 400.00000 0.97738
94.87709 122.62313 209.71175 80.64259 58.01031 400.00000 0.89012
90.87301 127.66176 199.07683 88.29842 58.06170 400.00000 0.80285
86.93088 133.74065 181.48325 99.81239 59.38948 400.00000 0.71558
84.38544 392.83847 131.01984 102.04688 61.80575 400.00000 0.62832
81.61898 411.16306 110.12028 91.54975 64.20603 400.00000 0.54105
79.50840 434.73999 97.78104 82.89545 68.78583 400.00000 0.45379
78.58684 295.40132 88.94121 76.21592 73.34709 400.00000 0.36652
78.37301 263.66572 82.66596 70.66448 80.64243 400.00000 0.27925
78.76687 239.69184 78.39343 65.90116 89.50781 400.00000 0.19199
79.85180 221.22379 75.49608 61.78367 96.46397 400.00000 0.10472
82.84968 205.66517 72.52420 58.97459 83.96308 400.00000 0.01745
87.10681 193.36549 70.48806 56.61907 74.08763 400.00000 6.21337
93.08193 183.64212 69.20205 54.66566 66.10691 400.00000 6.12611
369.27436 175.00027 67.63582 53.87616 60.43139 400.00000 6.03884
392.82356 151.96227 66.07808 54.14458 56.45114 400.00000 5.95157
422.20285 130.48866 65.70799 54.15932 52.52536 400.00000 5.86431
245.51060 115.74263 65.84573 54.60632 49.23541 400.00000 5.77704
219.51549 102.95564 184.56682 57.24932 47.89826 400.00000 5.68977
197.59419 93.02491 181.09984 60.87726 47.10251 400.00000 5.60251
181.55802 85.72254 179.08021 65.37864 46.53824 400.00000 5.51524
167.55671 79.05037 177.77450 72.47030 47.10540 400.00000 5.42797
156.41460 73.07455 177.10304 330.01438 48.68661 400.00000 5.34071
146.98520 68.86672 178.51908 347.96584 50.03723 400.00000 5.25344
138.51532 64.01602 177.83711 372.96363 53.33627 400.00000 5.16617
92.71016 46.68450 51.26445 178.55602 133.50219 400.00000 5.25344
102.11950 45.79608 46.76020 195.78692 103.95346 400.00000 5.34071
101.26323 46.11896 43.80209 347.74564 87.60193 400.00000 5.42797
100.84130 47.50935 41.93316 326.73646 79.22988 400.00000 5.51524
101.18668 49.43757 40.45722 310.19112 74.14258 400.00000 5.60251
103.54945 53.11712 40.14675 296.78370 69.22449 400.00000 5.68977
105.81156 56.66345 39.32617 286.90860 67.44019 400.00000 5.77704
110.25525 63.61041 40.20466 278.28366 66.86288 400.00000 5.86431
118.38141 73.22650 41.65840 272.47701 67.03912 400.00000 5.95157
128.89992 75.56417 44.08428 267.94585 67.07198 400.00000 6.03884
143.50810 74.85166 46.98099 216.72698 67.63666 400.00000 6.12611
164.55044 74.69095 50.45111 166.84929 68.78935 400.00000 6.21337
272.81871 65.40289 63.35294 161.49177 69.72558 400.00000 0.01745
256.26075 67.11315 60.43763 137.66619 68.92348 400.00000 0.10472
242.93117 69.54274 58.10953 121.30745 68.67477 400.00000 0.19199
231.78929 74.09873 57.25521 108.03285 67.98961 400.00000 0.27925
222.91752 79.97888 56.84854 98.11420 67.83197 400.00000 0.36652
216.91139 88.07660 57.15793 90.14967 67.89455 400.00000 0.45379
211.31091 99.96301 58.60067 83.14468 67.81390 400.00000 0.54105
147.67825 194.93227 76.50549 60.66814 53.37555 400.00000 0.45379
143.74136 206.58599 76.16777 63.05417 51.42781 400.00000 0.36652
140.45178 221.59293 75.16868 67.94813 51.17388 400.00000 0.27925
137.72380 230.59202 75.71385 72.83705 50.35643 400.00000 0.19199
136.91388 215.17048 74.91036 82.37578 51.84253 400.00000 0.10472
100.83215 190.67046 68.30408 103.16800 60.76420 400.00000 0.01745
100.25008 182.41999 69.50386 95.41158 62.32194 400.00000 6.21337
101.47155 174.16836 69.25974 89.75184 66.49940 400.00000 6.12611
103.08719 168.58193 70.60774 84.54772 70.43257 400.00000 6.03884
107.54133 163.95185 71.84812 81.47196 76.05301 400.00000 5.95157
112.98442 159.34146 72.28074 78.61391 84.47083 400.00000 5.86431
119.73938 156.89043 74.61762 75.89416 93.46288 400.00000 5.77704
131.54943 155.10661 76.97925 75.07889 89.01024 400.00000 5.68977
146.18696 154.06405 80.00472 73.89184 81.31131 400.00000 5.60251
164.36971 153.64382 83.23315 74.66220 76.39180 400.00000 5.51524
153.63895 154.40704 88.12316 76.07598 72.40422 400.00000 5.42797
145.20288 156.91064 96.25172 79.26165 70.10713 400.00000 5.34071
137.87710 160.43250 108.27429 82.33763 67.52982 400.00000 5.25344
132.26359 166.18697 130.27185 87.68140 66.42633 400.00000 5.16617
127.26078 173.44689 171.74207 96.55928 67.18540 400.00000 5.07891
122.85509 312.53195 214.53971 106.59699 67.56415 400.00000 4.99164
84.28920 138.25140 211.30426 104.76786 75.97302 400.00000 4.90438
81.47643 273.01278 207.25677 93.83006 78.52791 400.00000 4.81711
79.60897 264.05834 128.53306 85.16648 82.78340 400.00000 4.72984
78.25908 257.42924 101.64222 77.86978 87.98764 400.00000 4.64258
77.42662 252.89934 88.37250 71.64950 94.35607 400.00000 4.55531
77.61486 249.54541 80.06860 66.70289 103.29045 400.00000 4.46804
78.45407 236.65046 74.87476 62.43942 100.97888 400.00000 4.38078
80.05877 224.39669 71.53120 58.74041 86.31982 400.00000 4.29351
84.57769 213.72549 67.49155 56.83351 76.56968 400.00000 4.20624
89.26435 205.35166 66.02522 54.42275 67.64514 400.00000 4.11898
97.66392 198.92104 64.00928 53.31212 61.39542 400.00000 4.03171
234.25050 194.20806 62.72228 52.57186 56.24191 400.00000 3.94444
226.33561 190.05659 61.71102 52.64063 52.37877 400.00000 3.85718
220.31534 160.38751 61.24493 53.13222 49.16780 400.00000 3.76991
216.64111 132.72527 60.24521 55.18570 47.42708 400.00000 3.68264
211.11918 114.00321 59.46236 58.44380 46.51380 400.00000 3.59538
197.81801 101.40063 59.44343 62.10482 45.56731 400.00000 3.50811
142.07771 96.29500 62.49132 183.74261 48.23739 400.00000 3.59538
143.25491 109.16182 63.99323 188.13071 47.99966 400.00000 3.68264
146.85617 127.16471 66.32719 185.51045 47.72083 400.00000 3.76991
151.19044 123.62756 69.28945 180.21879 47.80442 400.00000 3.85718
147.02536 119.51332 74.04625 175.42733 47.30623 400.00000 3.94444
143.95332 116.35131 79.79137 172.02620 47.15181 400.00000 4.03171
86.44544 79.20287 100.58918 126.69404 200.21598 400.00000 4.11898
84.27587 78.29635 92.03978 124.28344 207.88026 400.00000 4.20624
83.31531 77.95733 85.08223 123.79563 215.55552 400.00000 4.29351
82.24266 76.23346 79.38586 123.18167 224.72614 400.00000 4.38078
82.65847 71.15959 75.74626 123.49882 236.21136 400.00000 4.46804
83.79294 66.80869 72.87615 124.82977 251.41666 400.00000 4.55531
85.77878 63.05858 70.66960 127.31500 271.56788 400.00000 4.64258
89.99401 60.60047 70.05493 131.17629 297.70375 400.00000 4.72984
95.01447 58.58668 69.97917 136.75787 333.69559 400.00000 4.81711
91.50125 56.97743 65.72887 144.60043 381.82949 400.00000 4.90438
89.64707 57.22187 61.31869 157.36967 377.30897 400.00000 4.99164
87.38515 57.25859 57.06809 173.26389 375.99443 400.00000 5.07891
85.69160 58.63916 54.35460 187.99277 376.58767 400.00000 5.16617
84.55775 60.62243 52.18906 194.95617 380.08901 400.00000 5.25344
85.16424 64.11588 51.12003 205.79176 249.79200 400.00000 5.34071
86.52476 68.64203 50.46083 220.37437 164.63564 400.00000 5.42797
88.77587 67.16361 50.97636 239.24193 130.94074 400.00000 5.51524
92.13162 64.00975 51.09498 266.46557 111.83495 400.00000 5.60251
96.92996 61.33601 53.22127 303.08953 101.96220 400.00000 5.68977
105.50921 60.10429 55.67409 362.77844 93.15387 400.00000 5.77704
117.57192 59.29707 58.70566 361.35013 87.12248 400.00000 5.86431
137.68123 59.98412 61.29963 359.12693 82.17582 400.00000 5.95157
152.41193 60.08050 57.11152 359.91484 355.26287 400.00000 6.03884
160.69739 61.83157 54.62252 363.23388 209.31000 400.00000 6.12611
132.62113 56.85913 46.57340 331.43994 101.07254 400.00000 6.21337
144.63794 60.95060 46.11233 339.38407 97.86341 400.00000 0.01745
161.25387 66.21960 46.00701 350.70552 95.65242 400.00000 0.10472
187.04245 74.68374 47.25889 194.67926 93.34252 400.00000 0.19199
223.66128 84.04971 47.87968 169.98611 92.79087 400.00000 0.27925
290.98322 89.99729 50.97467 149.43768 91.10926 400.00000 0.36652
288.43987 93.50758 53.55725 135.52911 91.07123 400.00000 0.45379
288.26852 100.00402 57.85530 123.21717 90.40643 400.00000 0.54105
121.48831 104.35482 74.61143 234.45813 70.23161 400.00000 0.62832
120.92215 116.06053 75.80691 398.95329 69.71651 400.00000 0.71558
121.57773 117.32628 76.73861 435.50668 70.68169 400.00000 0.80285
122.93829 110.28842 79.17127 310.94430 71.26787 400.00000 0.89012
126.60512 105.37308 82.89011 298.71624 72.00759 400.00000 0.97738
74.71401 57.48999 89.16686 259.02098 101.68178 400.00000 1.06465
77.04450 54.51667 77.15200 252.75966 93.80302 400.00000 1.15192
81.53055 52.64751 68.50917 247.23858 87.66672 400.00000 1.23918
86.08067 50.17926 60.36381 244.06822 84.61015 400.00000 1.32645
94.59918 49.01811 54.70483 242.33527 81.47290 400.00000 1.41372
109.27693 49.20730 51.04945 242.01492 78.25547 400.00000 1.50098
131.74643 49.79718 48.05582 243.56549 75.98374 400.00000 1.58825
338.77770 50.83372 45.60313 204.92284 74.48979 400.00000 1.67552
342.73054 52.38934 43.60350 168.62253 73.66357 400.00000 1.76278
332.63788 55.82784 42.95770 143.44948 72.50815 400.00000 1.85005
220.46399 60.27060 42.64746 126.06617 71.94944 400.00000 1.93732
215.31811 66.49801 42.94040 112.79829 71.49470 400.00000 2.02458
210.53782 75.93261 44.26362 102.25780 71.15039 400.00000 2.11185
208.26338 89.27167 46.25758 93.58129 70.89601 400.00000 2.19911
207.54997 108.16997 48.70884 86.79243 71.18346 400.00000 2.28638
151.18156 276.73675 78.88308 64.63095 57.16624 400.00000 2.19911
144.27975 271.82001 77.24907 67.93998 55.72148 400.00000 2.11185
138.70341 249.68982 76.28770 72.25093 54.73640 400.00000 2.02458
133.37649 231.81654 75.65920 78.51727 54.63187 400.00000 1.93732
129.50592 216.81857 74.65432 88.10190 55.84144 400.00000 1.85005
126.17066 205.84752 75.19168 99.16389 56.59557 400.00000 1.76278
80.49732 177.39011 80.85224 91.87758 71.56667 400.00000 1.67552
78.69219 169.74699 76.76715 83.45474 75.61677 400.00000 1.58825
77.39780 163.75636 73.93138 76.34850 80.54476 400.00000 1.50098
76.61593 159.20614 72.04054 70.28086 86.55302 400.00000 1.41372
76.86662 155.12579 72.26480 65.46651 95.02450 400.00000 1.32645
77.77131 152.24759 73.24507 61.31274 97.96849 400.00000 1.23918
186.17907 151.07958 75.25668 58.61611 85.21042 400.00000 1.15192
170.89563 137.50370 76.52754 55.88156 74.54243 400.00000 1.06465
159.04431 119.02876 79.02214 54.46757 67.07188 400.00000 0.97738
148.74444 106.92071 82.22729 52.50195 59.92438 400.00000 0.89012
140.82218 97.04710 87.36342 51.82168 54.95800 400.00000 0.80285
133.50887 88.56020 92.80722 51.95936 51.25494 400.00000 0.71558
128.02433 81.12524 101.68989 53.55585 49.12753 400.00000 0.62832
66.43168 61.16159 52.76508 96.65492 140.46967 400.00000 0.71558
63.21984 63.87610 51.04220 101.11236 143.75118 400.00000 0.80285
60.69586 69.42337 51.15660 108.01725 146.97353 400.00000 0.89012
57.69066 62.84685 50.91086 116.25152 152.05515 400.00000 0.97738
55.25691 55.97761 52.47784 129.38052 157.34586 400.00000 1.06465
53.71756 50.61683 53.80729 125.14602 165.89383 400.00000 1.15192
51.80304 45.35424 56.30532 121.80832 175.87231 400.00000 1.23918
51.11682 41.48000 60.19837 119.04974 188.78985 400.00000 1.32645
51.50834 38.58329 58.00737 118.11556 208.16701 400.00000 1.41372
51.57023 35.44462 48.76096 117.08723 233.24214 400.00000 1.50098
53.40744 33.39265 42.32436 116.55946 269.07654 400.00000 1.58825
56.15928 31.55641 37.02480 116.91637 325.18344 400.00000 1.67552
61.98302 30.75952 33.50870 117.84231 504.89358 400.00000 1.76278
68.54258 29.27374 29.65554 120.24250 470.55953 400.00000 1.85005
81.69843 28.83583 27.17134 123.50161 443.44390 400.00000 1.93732
88.53638 29.55702 25.87756 127.83280 421.88193 400.00000 2.02458
85.51352 31.30263 25.40128 135.60789 247.18389 400.00000 2.11185
82.13349 32.79115 24.56283 144.75218 150.77027 400.00000 2.19911
80.25259 35.62429 24.48486 159.86616 103.69532 400.00000 2.28638
78.53911 40.66364 25.42468 181.30689 86.84031 400.00000 2.37365
77.70437 45.80383 25.73759 216.12177 77.03664 400.00000 2.46091
77.72167 57.57854 28.57377 278.29532 71.08474 400.00000 2.54818
77.62259 63.40834 30.29094 482.36059 220.24690 400.00000 2.63545
79.39333 59.89228 33.00290 451.06966 230.26058 400.00000 2.72271
82.98315 57.47373 37.85922 424.97386 241.67233 400.00000 2.80998
86.49007 54.54012 42.87013 405.29391 257.44765 400.00000 2.89725
94.97391 53.88893 50.43879 289.40582 276.91042 400.00000 2.98451
104.88923 52.65425 58.87801 220.56329 303.86824 400.00000 3.07178
121.83496 52.77687 53.79739 178.03716 478.82094 400.00000 3.15905
148.31582 53.32543 50.56106 142.58536 454.72009 400.00000 3.24631
194.60555 54.34899 47.88728 120.88107 436.29669 400.00000 3.33358
458.54882 57.09080 46.63633 104.68971 421.64718 400.00000 3.42085
425.96351 61.12393 46.11032 92.54153 410.50608 400.00000 3.50811
399.42898 65.84139 45.60143 84.21376 155.97084 400.00000 3.59538
377.46557 73.55913 46.38594 76.71383 151.57143 400.00000 3.68264
239.54744 108.21315 61.40097 60.33617 47.56736 400.00000 3.59538
298.94217 96.91855 61.11626 64.85910 47.10815 400.00000 3.50811
308.80770 87.14827 60.35847 72.11193 47.92217 400.00000 3.42085
321.24941 80.87040 61.00654 80.03592 48.19251 400.00000 3.33358
287.86784 63.95543 52.24391 99.75803 62.78191 400.00000 3.42085
266.20091 68.48576 51.66389 90.19526 58.67351 400.00000 3.50811
247.30095 75.20228 52.08474 81.99127 61.60237 400.00000 3.59538
231.99171 83.89824 52.90572 75.53919 61.34822 400.00000 3.68264
144.45495 369.80718 69.42404 49.07336 43.17451 400.00000 3.59538
146.03220 352.68708 68.08690 52.31467 42.66854 400.00000 3.50811
148.01431 340.04073 68.23106 55.15732 41.54071 400.00000 3.42085
152.33309 329.91737 67.95220 60.31085 41.69635 400.00000 3.33358
159.26930 295.06812 68.53544 66.53456 41.87299 400.00000 3.24631
168.79487 262.18760 68.34749 77.10812 43.65257 400.00000 3.15905
113.74455 238.96639 68.66513 73.93349 65.87735 400.00000 3.07178
122.88728 219.95216 66.66927 72.16991 69.13722 400.00000 2.98451
135.66977 205.18728 65.46538 70.91290 73.17385 400.00000 2.89725
286.39783 192.49451 64.09413 70.97214 73.99555 400.00000 2.80998
270.43054 181.35412 62.58839 72.44507 70.25943 400.00000 2.72271
258.25069 167.20642 62.40539 73.72849 66.47678 400.00000 2.63545
248.73034 137.23751 61.19132 77.44919 64.79871 400.00000 2.54818
144.90574 105.94654 86.83450 234.71954 54.59952 400.00000 2.46091
139.62504 101.55634 85.45349 205.47385 54.77530 400.00000 2.37365
135.44332 98.01493 84.75824 182.71688 55.36910 400.00000 2.28638
125.87623 95.23198 84.71647 164.60199 56.39737 400.00000 2.19911
81.58049 66.82270 81.98895 113.66218 271.73238 400.00000 2.28638
83.47582 63.15384 81.26982 116.38541 288.53212 400.00000 2.37365
87.81295 61.00929 82.58750 120.32356 309.02497 400.00000 2.46091
84.91986 58.31948 74.63205 124.96907 336.17377 400.00000 2.54818
81.17504 57.04813 67.54821 131.48801 370.94676 400.00000 2.63545
78.74273 56.17617 61.74112 142.18863 421.31462 400.00000 2.72271
76.04218 55.69954 56.92109 155.89889 208.81206 400.00000 2.80998
74.50018 56.74270 53.93865 178.20544 158.49187 400.00000 2.89725
73.43406 58.33167 51.53068 213.98199 132.63658 400.00000 2.98451
72.85488 60.56733 49.61079 233.55766 117.20779 400.00000 3.07178
73.62501 59.16107 49.11965 244.97262 106.11922 400.00000 3.15905
75.10738 55.67517 49.00746 260.27932 98.55777 400.00000 3.24631
78.43956 53.30180 50.27541 280.79675 92.41985 400.00000 3.33358
83.28152 51.41443 50.93583 310.44024 87.70451 400.00000 3.42085
89.90186 49.78681 53.05527 349.52048 84.65816 400.00000 3.50811
100.81487 49.17407 53.07809 406.28860 81.91010 400.00000 3.59538
69.20622 28.93220 29.04385 363.26116 106.60152 400.00000 3.68264
84.69396 29.06516 27.13746 451.98673 103.49264 400.00000 3.76991
112.70620 29.44318 25.53670 474.12138 101.37795 400.00000 3.85718
145.71792 30.93128 24.85470 498.21362 99.54779 400.00000 3.94444
153.91942 32.88450 24.37643 215.22650 98.54009 400.00000 4.03171
165.03677 35.44764 24.08763 149.49535 98.30248 400.00000 4.11898
117.64575 52.90868 32.66354 232.75632 97.09354 400.00000 4.20624
131.44056 61.96436 34.31528 169.44485 96.95331 400.00000 4.29351
154.00419 67.46268 36.39539 133.58559 97.30767 400.00000 4.38078
185.90329 67.81725 38.77699 113.96700 98.68621 400.00000 4.46804
245.24252 69.90877 42.48827 102.23709 100.03150 400.00000 4.55531
354.80165 74.02770 47.77849 96.35237 101.34958 400.00000 4.64258
200.06604 61.44432 46.61429 96.34937 63.69113 400.00000 4.72984
213.03610 66.70657 46.48411 87.92403 63.55306 400.00000 4.81711
230.26140 75.15388 47.71436 80.13796 62.89490 400.00000 4.90438
229.21126 84.49651 48.31648 75.14725 63.72878 400.00000 4.99164
186.21360 125.77749 63.73802 55.05690 50.29532 400.00000 4.90438
178.27542 109.16206 62.42064 58.02799 49.21076 400.00000 4.81711
171.94192 98.63277 62.62085 60.55668 47.52687 400.00000 4.72984
161.92349 89.39095 62.29158 65.34832 47.23493 400.00000 4.64258
145.46295 82.30281 62.43844 215.97712 47.30428 400.00000 4.55531
94.76261 68.03105 55.86943 152.03636 268.41514 400.00000 4.64258
97.72817 72.88034 55.29015 157.67655 274.75123 400.00000 4.72984
101.98156 71.36466 55.13792 165.54900 274.29000 400.00000 4.81711
109.03076 69.54565 56.41228 176.38075 274.92052 400.00000 4.90438
109.00269 67.51685 57.12634 191.34721 126.06951 400.00000 4.99164
107.15084 66.67384 59.34799 210.37415 70.75083 400.00000 5.07891
107.11450 67.82146 63.22069 212.71987 57.35402 400.00000 5.16617
106.80979 68.79327 65.78056 216.12621 55.38129 400.00000 5.25344
108.49691 71.22589 63.30162 222.37295 53.66870 400.00000 5.34071
110.01005 73.62202 60.68281 230.22991 54.39271 400.00000 5.42797
113.95112 78.80069 60.01417 241.00655 54.33593 400.00000 5.51524
120.92275 84.01280 60.52204 256.53311 54.72623 400.00000 5.60251
128.71027 81.44617 60.77812 256.55391 55.64768 400.00000 5.68977
141.27504 80.47862 62.23141 257.03959 57.28058 400.00000 5.77704
129.94792 65.53886 72.03131 233.35061 70.56859 400.00000 5.86431
146.15941 66.41099 67.86745 236.15740 68.23587 400.00000 5.95157
147.80108 66.75612 63.45724 242.14064 67.58939 400.00000 6.03884
151.57408 69.99800 61.83682 249.45030 65.51641 400.00000 6.12611
156.11593 72.92801 59.73544 257.60487 65.11191 400.00000 6.21337
163.46649 78.17577 59.14407 248.68405 64.19988 400.00000 0.01745
173.36283 84.93384 59.00899 104.72955 63.80448 400.00000 0.10472
130.47988 83.08678 65.35804 200.15795 66.62062 400.00000 0.19199
139.58655 81.95749 67.23530 196.60210 66.21122 400.00000 0.27925
138.49137 81.42695 69.70006 194.53913 66.30664 400.00000 0.36652
139.49871 82.26745 72.83786 194.52293 66.75843 400.00000 0.45379
88.28219 64.66955 61.76009 146.88283 286.55013 400.00000 0.54105
89.15918 66.92225 59.40086 147.65234 275.77110 400.00000 0.62832
90.85515 69.96087 57.58860 149.64284 248.64798 400.00000 0.71558
93.53893 70.21355 56.96653 152.05005 227.53670 400.00000 0.80285
97.44715 67.12832 56.78497 155.95128 211.83345 400.00000 0.89012
102.96850 64.54313 57.03731 161.65584 181.80369 400.00000 0.97738
112.54772 63.42447 58.45722 170.46634 127.09452 400.00000 1.06465
114.50529 62.76734 61.10919 181.16628 105.80124 400.00000 1.15192
112.34746 62.55861 63.49051 307.15279 92.50526 400.00000 1.23918
110.73372 63.95641 60.37554 289.45404 84.28664 400.00000 1.32645
109.90443 65.99245 57.88610 275.50206 78.96198 400.00000 1.41372
110.52565 70.03526 56.94350 263.75596 74.25296 400.00000 1.50098
111.41396 73.87462 55.45285 250.04493 72.08209 400.00000 1.58825
114.01017 80.42143 55.39983 228.22159 70.48341 400.00000 1.67552
118.65173 90.41080 56.77715 210.09587 110.58558 400.00000 1.76278
125.04038 86.78184 58.62023 195.84662 277.15421 400.00000 1.85005
133.75551 84.53954 60.98591 184.58369 281.92204 400.00000 1.93732
147.19890 83.74114 63.94661 152.55650 272.27344 400.00000 2.02458
262.75683 83.31181 68.75081 129.47929 264.40895 400.00000 2.11185
247.88011 84.39035 74.53219 112.56054 258.23911 400.00000 2.19911
235.33547 85.30010 81.57999 101.56548 254.99181 400.00000 2.28638
225.01685 88.59807 78.19927 91.41700 251.50176 400.00000 2.37365
205.87652 93.99000 76.91670 82.73531 232.15732 400.00000 2.46091
186.84005 99.79696 75.42810 76.77676 218.74913 400.00000 2.54818
63.07789 136.56845 189.49926 43.17014 37.44523 400.00000 2.46091
63.38889 144.24990 189.02556 44.83982 36.03371 400.00000 2.37365
64.26104 153.90067 189.22021 46.44903 35.61326 400.00000 2.28638
67.34422 169.12253 190.22996 44.51746 36.19645 400.00000 2.19911
69.99135 189.17749 78.67675 41.89410 36.32664 400.00000 2.11185
75.87935 205.11899 79.09639 40.54822 38.18675 400.00000 2.02458
87.39826 195.89940 80.45762 40.52101 40.46190 400.00000 1.93732
87.46146 188.56623 82.30889 39.71365 39.01509 400.00000 1.85005
89.29696 182.33945 84.32143 40.29759 36.81247 400.00000 1.76278
92.14669 177.68018 87.33337 41.26371 34.99378 400.00000 1.67552
97.54041 173.80891 90.75406 43.96631 34.50620 400.00000 1.58825
104.97030 171.26923 95.70932 47.43799 34.28902 400.00000 1.50098
115.34698 170.01115 102.84904 51.93929 34.33414 400.00000 1.41372
132.16253 169.37787 112.02726 59.56831 35.65527 400.00000 1.32645
159.16389 170.85977 128.52545 62.41844 37.29338 400.00000 1.23918
167.71686 172.93420 153.03666 63.51128 39.28914 400.00000 1.15192
158.53443 175.82837 198.12384 66.21376 42.80856 400.00000 1.06465
152.39717 182.14927 205.64463 69.47662 45.81468 400.00000 0.97738
145.54850 409.67176 213.17684 75.28920 51.89025 400.00000 0.89012
109.30834 153.56039 82.54232 85.55081 56.25497 400.00000 0.80285
105.42583 397.62969 63.38977 96.74553 57.56467 400.00000 0.71558
103.08316 412.69786 54.83997 112.96049 59.94820 400.00000 0.62832
100.67056 432.20057 53.57801 112.91938 62.29978 400.00000 0.54105
99.07932 316.24294 52.55333 103.30009 66.81284 400.00000 0.45379
99.71507 276.31403 287.27608 96.70671 71.94198 400.00000 0.36652
99.57857 248.09675 295.92054 89.78433 78.46825 400.00000 0.27925
101.16756 225.52497 306.82409 84.64294 87.18841 400.00000 0.19199
103.78338 208.13596 321.31970 80.30023 97.95568 400.00000 0.10472
108.74830 193.41701 339.35862 77.40992 110.20976 400.00000 0.01745
115.56076 181.77286 340.05179 75.11402 98.28879 400.00000 6.21337
372.08365 169.88469 202.19031 73.36338 88.71797 400.00000 6.12611
390.31187 130.64893 190.58654 72.92774 81.80102 400.00000 6.03884
414.19023 108.15014 181.81978 73.04191 76.15349 400.00000 5.95157
260.49052 93.74885 175.30285 73.73941 71.51473 400.00000 5.86431
228.45764 81.40565 169.10721 76.70098 69.15690 400.00000 5.77704
203.60342 73.36675 165.36183 79.81822 66.78078 400.00000 5.68977
184.50636 66.57645 162.30251 84.80884 65.61907 400.00000 5.60251
104.37555 54.96451 41.54303 295.34450 68.03948 400.00000 5.68977
107.94180 59.85051 41.53808 285.03991 64.86207 400.00000 5.77704
112.56111 67.12909 42.42862 276.45349 64.64624 400.00000 5.86431
120.91549 77.18747 43.91179 270.67033 64.77777 400.00000 5.95157
130.07527 76.25318 45.53383 266.60132 65.57055 400.00000 6.03884
101.90977 53.15460 59.54839 230.22293 85.50418 400.00000 6.12611
115.44012 52.39932 54.56533 229.40133 83.88931 400.00000 6.21337
138.96583 53.06494 51.40170 189.91550 81.99779 400.00000 0.01745
243.92204 54.20877 48.81680 161.46141 80.83671 400.00000 0.10472
231.05042 55.90865 46.71696 141.90528 80.33564 400.00000 0.19199
220.24904 59.52995 45.99808 126.31342 79.49434 400.00000 0.27925
212.52327 64.60379 45.92001 114.22970 78.97354 400.00000 0.36652
205.29902 72.22993 46.87412 104.09554 78.39763 400.00000 0.45379
200.21167 80.56488 47.22903 97.32989 79.38354 400.00000 0.54105
197.10604 94.41117 49.24344 90.61465 79.72235 400.00000 0.62832
195.01822 237.78145 52.75704 84.16955 79.69006 400.00000 0.71558
133.88566 160.77787 79.42133 57.80638 58.83875 400.00000 0.62832
135.60143 165.33586 78.80467 57.87262 54.79265 400.00000 0.54105
130.65220 172.45824 77.81694 59.52416 52.36909 400.00000 0.45379
125.86458 180.89338 77.16998 62.20975 50.73909 400.00000 0.36652
122.48157 193.24104 76.15989 67.04232 50.49168 400.00000 0.27925
99.96082 175.14630 76.16851 73.10807 50.54380 400.00000 0.19199
98.35603 194.58670 75.36696 82.67522 52.03099 400.00000 0.10472
96.95512 198.89405 76.10831 93.57486 52.97475 400.00000 0.01745
96.72692 189.33290 76.46937 92.05846 55.35867 400.00000 6.21337
97.25023 181.82620 77.44667 86.01807 58.30159 400.00000 6.12611
67.83835 157.63364 183.42103 55.63812 78.56980 400.00000 6.03884
68.58392 152.75758 191.93731 51.95832 79.12923 400.00000 5.95157
70.01879 149.14179 203.26905 48.71867 67.81371 400.00000 5.86431
74.45905 146.17438 339.91989 47.19423 60.47552 400.00000 5.77704
79.01778 143.89458 328.27689 45.09763 53.46577 400.00000 5.68977
87.45818 143.08650 69.39015 44.20672 48.64551 400.00000 5.60251
100.95165 142.40004 71.32298 44.10121 45.12285 400.00000 5.51524
120.58727 143.78570 76.37567 43.83367 41.71807 400.00000 5.42797
134.53584 145.38351 81.65144 44.41978 39.28941 400.00000 5.34071
126.92881 147.69318 88.16121 47.08879 38.62022 400.00000 5.25344
121.47675 152.63348 103.55395 49.90397 37.80662 400.00000 5.16617
116.14582 158.29802 129.83914 54.24435 37.74291 400.00000 5.07891
113.05481 168.24433 228.39497 60.59862 38.40909 400.00000 4.99164
109.47292 179.55781 252.15190 68.22260 38.93652 400.00000 4.90438
107.47943 314.38140 267.82367 82.37833 41.63905 400.00000 4.81711
105.81792 305.25989 289.49038 100.38016 43.85156 400.00000 4.72984
105.33062 297.98654 317.47778 104.80665 47.55511 400.00000 4.64258
105.64150 293.13373 447.20272 97.75915 51.96699 400.00000 4.55531
66.64989 260.25743 97.31435 57.27950 87.35140 400.00000 4.46804
67.94660 255.43007 87.58010 54.07681 87.45463 400.00000 4.38078
69.29329 241.17245 82.13849 50.84161 74.71242 400.00000 4.29351
70.85161 230.94568 78.88623 47.61001 64.14321 400.00000 4.20624
75.52623 222.05370 75.04337 46.04688 57.23430 400.00000 4.11898
80.35483 215.27246 73.58806 43.86355 50.51424 400.00000 4.03171
90.34765 209.32907 71.34514 43.31883 46.34292 400.00000 3.94444
105.28243 205.08606 69.87238 43.08307 42.86875 400.00000 3.85718
230.86519 178.05553 67.99157 44.20541 40.90706 400.00000 3.76991
226.56740 149.31429 67.77512 44.70192 38.41722 400.00000 3.68264
224.60100 128.61102 67.08157 46.77808 37.22938 400.00000 3.59538
214.59376 112.00791 65.66167 51.33934 37.66850 400.00000 3.50811
202.13791 101.30241 65.74092 55.77023 37.47581 400.00000 3.42085
191.99525 91.95044 65.35786 63.13514 38.49227 400.00000 3.33358
184.81443 85.10010 65.75584 72.20825 39.41655 400.00000 3.24631
146.08586 72.02104 60.18039 181.64631 51.81803 400.00000 3.33358
144.03366 75.49944 58.33752 182.71982 52.24961 400.00000 3.42085
143.03620 81.49507 57.92623 184.61969 52.13239 400.00000 3.50811
143.11647 90.79293 58.92071 187.42850 51.49572 400.00000 3.59538
145.45195 103.48906 60.66772 192.94234 50.85172 400.00000 3.68264
96.65344 84.78077 75.68147 135.64374 184.32808 400.00000 3.76991
97.57058 79.33162 79.62146 139.24356 191.59054 400.00000 3.85718
98.80000 75.61524 83.69667 146.72175 202.72699 400.00000 3.94444
96.13321 73.52189 90.20793 150.02285 215.93348 400.00000 4.03171
93.34068 70.97564 90.14043 147.80972 226.61878 400.00000 4.11898
91.33702 69.95483 82.23406 145.67649 232.11346 400.00000 4.20624
90.60741 69.43252 75.77829 145.64192 240.88477 400.00000 4.29351
89.84111 69.43594 70.47029 145.67572 251.46843 400.00000 4.38078
90.65366 71.10612 67.12495 146.86346 264.76380 400.00000 4.46804
92.29687 73.49648 64.46835 149.32907 282.29417 400.00000 4.55531
95.77819 70.40945 62.39518 154.50850 306.77078 400.00000 4.64258
100.91417 67.95393 61.85639 160.32657 337.05225 400.00000 4.72984
107.99719 65.99915 61.79340 168.42812 378.68452 400.00000 4.81711
113.62244 65.31254 63.20966 179.55878 382.48830 400.00000 4.90438
111.04012 64.28302 64.12172 194.92379 379.20239 400.00000 4.99164
109.23144 64.55069 64.33593 208.49982 377.88053 400.00000 5.07891
108.18564 66.23762 61.39786 214.73505 378.48086 400.00000 5.16617
107.92239 68.61762 59.07202 223.50862 136.12565 400.00000 5.25344
109.66354 72.61981 57.90027 236.66927 267.19063 400.00000 5.34071
112.48219 77.79825 57.19186 254.27001 269.46633 400.00000 5.42797
116.60114 85.70117 57.70975 277.12924 272.97515 400.00000 5.51524
122.36231 85.01295 58.67471 308.75453 278.77368 400.00000 5.60251
130.29929 82.45168 60.11651 354.10959 287.13041 400.00000 5.68977
143.06333 81.49734 62.73524 366.98561 297.93216 400.00000 5.77704
121.69726 61.37767 67.45789 334.84864 102.16581 400.00000 5.86431
131.22833 61.05526 62.39427 332.80317 97.07649 400.00000 5.95157
136.29606 62.30571 59.22676 333.00783 92.31295 400.00000 6.03884
143.26917 64.16484 56.68375 335.80264 88.91675 400.00000 6.12611
152.74416 66.74767 54.67312 341.35808 86.58892 400.00000 6.21337
167.13072 71.55070 54.13186 349.66682 84.10172 400.00000 0.01745
186.97088 77.73605 54.00823 201.47979 82.44839 400.00000 0.10472
217.33182 87.39587 55.30296 168.01784 80.55922 400.00000 0.19199
260.84467 98.35604 56.02942 147.12254 80.31026 400.00000 0.27925
269.76021 94.79369 67.61946 137.25576 83.68218 400.00000 0.36652
266.36071 99.60293 71.76671 123.20349 82.78881 400.00000 0.45379
265.24021 104.73232 75.65693 113.73363 83.44820 400.00000 0.54105
266.56550 114.63227 81.95959 103.66048 82.50050 400.00000 0.62832
102.17225 105.99722 95.30798 363.09803 49.18112 400.00000 0.71558
102.13854 98.56686 96.44569 395.84455 47.15286 400.00000 0.80285
102.59648 92.03970 99.24315 394.80812 46.99358 400.00000 0.89012
105.10116 87.47539 103.50038 275.24817 46.74047 400.00000 0.97738
107.17315 82.46624 109.20225 265.99854 47.32732 400.00000 1.06465
112.20518 79.39636 112.36174 259.62040 46.68396 400.00000 1.15192
120.20434 77.62071 101.00631 254.03723 45.80003 400.00000 1.23918
129.89519 75.72019 91.08861 251.76779 47.08354 400.00000 1.32645
146.77031 76.05143 84.87436 249.66614 46.22296 400.00000 1.41372
168.71223 75.97096 78.81504 231.22079 46.28728 400.00000 1.50098
348.13963 77.54473 74.83307 157.45483 45.91531 400.00000 1.58825
317.88539 65.67062 58.91337 186.46132 67.77900 400.00000 1.67552
305.98294 68.07389 56.65770 153.83108 67.20185 400.00000 1.76278
190.94713 72.59813 55.86189 131.03206 66.23162 400.00000 1.85005
183.65027 78.43667 55.50177 115.29546 65.80230 400.00000 1.93732
177.92555 86.04965 55.56567 103.94240 65.88159 400.00000 2.02458
101.66749 212.70605 74.84213 94.86353 66.00550 400.00000 1.93732
97.75127 198.80563 69.37124 106.14005 67.27453 400.00000 1.85005
94.54433 187.76656 68.95674 116.42278 69.08543 400.00000 1.76278
91.98478 179.02856 69.07965 104.98907 71.49535 400.00000 1.67552
90.46984 171.33663 68.76030 95.94519 75.54334 400.00000 1.58825
89.57577 165.31150 68.96447 88.36138 80.46850 400.00000 1.50098
89.32250 160.73967 69.71802 81.93678 86.47307 400.00000 1.41372
91.34730 157.21488 70.31564 77.79956 94.38084 400.00000 1.32645
206.04185 154.33954 71.20509 73.47532 104.72753 400.00000 1.23918
188.07668 135.78010 72.76231 69.79291 101.45817 400.00000 1.15192
173.65310 116.58673 75.11530 66.65990 88.92005 400.00000 1.06465
121.10056 114.11027 63.98057 41.49910 51.10239 400.00000 0.97738
112.25468 104.68934 64.16369 143.28727 44.87044 400.00000 0.89012
104.55853 93.92817 63.41397 143.95642 41.07972 400.00000 0.80285
98.87458 86.71890 63.90130 145.42070 37.46238 400.00000 0.71558
74.01846 76.14635 60.84713 118.38342 139.02315 400.00000 0.80285
70.80428 81.61405 60.13965 126.00667 142.43883 400.00000 0.89012
68.02332 74.10300 59.89513 129.78582 147.29858 400.00000 0.97738
65.90687 66.76647 61.53225 124.41428 152.30424 400.00000 1.06465
64.79189 61.05190 63.00348 121.06729 160.48706 400.00000 1.15192
63.42910 55.53301 65.72060 117.73781 169.99514 400.00000 1.23918
63.45127 51.48909 69.91922 114.95634 182.29851 400.00000 1.32645
64.75043 48.50253 72.92027 113.96725 200.85603 400.00000 1.41372
67.18357 46.17580 63.52378 112.49672 224.09767 400.00000 1.50098
69.34995 43.36061 54.95849 112.19512 259.00150 400.00000 1.58825
74.14870 41.66482 48.88490 112.38167 312.57092 400.00000 1.67552
82.80419 41.09218 44.76485 113.08574 494.19703 400.00000 1.76278
95.55680 40.81119 41.34348 114.78075 459.85172 400.00000 1.85005
88.74780 40.83301 38.47601 117.64428 433.42106 400.00000 1.93732
84.46588 41.18308 36.05633 121.95563 413.12369 400.00000 2.02458
81.42012 43.63708 35.41038 129.11655 270.67931 400.00000 2.11185
77.98519 46.03324 34.48207 137.44119 191.65336 400.00000 2.19911
76.01520 50.03661 34.39056 151.42511 128.48305 400.00000 2.28638
74.17477 56.60616 35.39263 171.23185 104.26646 400.00000 2.37365
72.79177 65.29237 36.68837 202.45822 91.67811 400.00000 2.46091
72.96510 64.29007 38.90642 261.26363 82.19173 400.00000 2.54818
72.58098 59.28995 40.94090 472.47645 77.80564 400.00000 2.63545
73.53600 55.47366 45.00008 441.04683 74.19997 400.00000 2.72271
77.10597 53.40322 49.48528 416.21562 69.86623 400.00000 2.80998
79.99873 50.44672 55.20458 396.91876 68.62070 400.00000 2.89725
85.97293 48.78170 57.60671 308.45176 66.88756 400.00000 2.98451
96.44818 48.41685 53.07614 231.66475 64.76633 400.00000 3.07178
111.75992 48.41253 49.34866 187.79196 486.56604 400.00000 3.15905
135.70331 48.79073 46.26144 156.10056 462.03590 400.00000 3.24631
142.22694 39.72081 34.99829 152.74321 74.06837 400.00000 3.33358
218.82365 41.58601 33.97078 135.68545 73.00920 400.00000 3.42085
385.19931 44.49616 33.56675 119.77598 72.12143 400.00000 3.50811
360.83963 47.76695 33.08316 108.66695 72.21489 400.00000 3.59538
340.56414 53.59590 33.79725 99.05546 71.94548 400.00000 3.68264
325.02670 61.91555 35.13136 91.08543 71.80921 400.00000 3.76991
256.82806 73.27811 36.78551 84.80124 72.22435 400.00000 3.85718
200.01087 91.93108 39.82300 78.78075 72.26668 400.00000 3.94444
99.74406 513.86807 74.60237 48.53149 47.87354 400.00000 3.85718
116.61339 167.88811 72.72632 49.97919 45.84661 400.00000 3.76991
140.00652 144.40314 72.49017 50.12264 43.33461 400.00000 3.68264
185.14423 126.62306 71.84689 51.39338 42.15251 400.00000 3.59538
236.44577 113.26450 71.42391 53.58981 41.72672 400.00000 3.50811
176.13358 103.69806 71.82077 52.19671 39.31099 400.00000 3.42085
181.09792 96.09555 72.49200 55.71020 38.51565 400.00000 3.33358
190.17967 87.92502 71.82419 63.45250 39.93332 400.00000 3.24631
201.16005 82.46790 72.66305 71.91546 40.71290 400.00000 3.15905
217.09040 77.10960 73.11227 85.55059 42.83146 400.00000 3.07178
170.68342 204.05200 43.81354 100.23989 72.19179 400.00000 2.98451
321.03527 189.11840 43.12605 100.31290 77.41316 400.00000 2.89725
301.28862 129.45674 42.71515 101.17358 83.72407 400.00000 2.80998
286.25867 92.40838 43.03504 103.58540 91.05054 400.00000 2.72271
272.90055 74.70884 41.98306 107.18232 96.64019 400.00000 2.63545
235.04225 87.62087 39.06830 105.72340 88.45463 400.00000 2.54818
227.28030 74.55004 38.31758 113.48780 87.80882 400.00000 2.46091
204.98303 66.59193 38.55085 122.31348 87.06597 400.00000 2.37365
181.38412 59.84869 38.41156 293.97689 87.76420 400.00000 2.28638
127.20125 55.61859 39.13894 223.04750 94.86926 400.00000 2.37365
133.87876 60.54988 38.86159 235.14447 94.89366 400.00000 2.46091
144.60043 70.96507 41.08251 250.03586 93.59563 400.00000 2.54818
157.36967 82.16586 42.23200 270.30018 94.42519 400.00000 2.63545
166.40716 90.50605 45.15933 301.68636 94.42432 400.00000 2.72271
165.74305 91.04732 48.75535 306.26947 95.30013 400.00000 2.80998
146.63475 85.67035 65.19051 292.49905 89.05189 400.00000 2.89725
148.52985 88.66414 71.87584 301.94698 90.44185 400.00000 2.98451
151.79189 92.70510 75.93488 314.86986 92.67306 400.00000 3.07178
157.49007 99.37597 75.18314 332.09940 94.94379 400.00000 3.15905
129.61415 96.07964 76.01158 303.22091 67.28768 400.00000 3.24631
136.90439 93.03024 76.41863 328.17363 69.36152 400.00000 3.33358
149.17721 92.09559 78.44119 363.71468 72.20324 400.00000 3.42085
164.46997 91.08193 81.14336 410.91090 75.21655 400.00000 3.50811
187.44330 91.42847 85.69160 146.08251 78.19858 400.00000 3.59538
165.76242 71.81915 72.09631 438.13727 61.45044 400.00000 3.68264
170.25406 73.71268 68.82379 454.94622 60.26608 400.00000 3.76991
176.60936 77.15369 66.91704 127.30224 59.00716 400.00000 3.85718
185.26587 80.79249 64.92046 110.89220 58.85056 400.00000 3.94444
196.86523 86.50105 64.12100 98.41836 58.56002 400.00000 4.03171
212.41366 93.91248 63.81607 89.29756 58.71869 400.00000 4.11898
119.05970 68.08027 79.93093 225.93563 56.12580 400.00000 4.20624
133.07594 67.41574 74.27770 164.70359 56.34330 400.00000 4.29351
155.94379 68.31233 69.98095 129.91061 55.58054 400.00000 4.38078
188.32181 68.69952 65.46458 110.95484 56.07558 400.00000 4.46804
248.48679 70.83358 62.73156 96.50034 56.15803 400.00000 4.55531
238.42977 63.70678 52.31820 99.40929 59.50254 400.00000 4.64258
251.57839 68.24684 51.77498 89.13057 58.91919 400.00000 4.72984
268.93604 74.09356 51.63168 81.33450 58.79003 400.00000 4.81711
280.53681 81.71977 51.88298 75.31589 59.11038 400.00000 4.90438
232.26741 109.43961 62.57934 58.33144 49.46810 400.00000 4.81711
225.23385 97.29631 61.77235 62.16201 48.78678 400.00000 4.72984
215.85976 89.61467 62.44748 65.69756 47.48737 400.00000 4.64258
194.24118 81.18720 61.59208 73.45855 48.55930 400.00000 4.55531
177.88186 75.75451 62.21221 81.87121 49.00492 400.00000 4.46804
120.19734 57.39301 50.82834 193.66114 61.98897 400.00000 4.55531
122.87194 59.53850 48.89506 200.24301 61.91617 400.00000 4.64258
127.82988 63.78050 48.38662 209.35205 61.30993 400.00000 4.72984
134.64719 69.24348 48.25193 221.69171 61.17631 400.00000 4.81711
145.03730 77.95253 49.49120 238.35236 60.50442 400.00000 4.90438
148.73264 87.64386 50.11618 242.67265 61.30587 400.00000 4.99164
147.72252 90.40485 52.19125 244.02647 61.57072 400.00000 5.07891
147.81801 91.47861 55.85071 246.59966 61.25905 400.00000 5.16617
77.88214 66.94722 64.01536 176.90545 272.39658 400.00000 5.25344
76.99780 68.02050 60.84742 180.45583 132.67317 400.00000 5.34071
77.87228 63.78530 59.70684 185.83933 117.10884 400.00000 5.42797
79.50078 60.14651 58.34431 194.39709 106.56003 400.00000 5.51524
82.05472 57.00868 58.14489 204.93474 99.56214 400.00000 5.60251
87.39587 55.30296 59.10523 220.37571 93.22316 400.00000 5.68977
94.77946 53.99198 61.25187 231.30927 88.86272 400.00000 5.77704
105.19593 53.05527 58.31106 233.24633 85.58984 400.00000 5.86431
