103.94522 72.73879 60.12960 161.23033 269.26350 400.00000 4.81711
108.59489 70.92628 61.42940 171.61370 269.86341 400.00000 4.90438
105.94654 69.62898 63.22616 185.98233 272.55771 400.00000 4.99164
104.02994 68.82931 65.57535 203.75201 102.14029 400.00000 5.07891
66.41099 52.41431 53.87976 152.43279 270.54404 400.00000 5.16617
65.64351 53.59113 51.24419 173.05701 278.99703 400.00000 5.25344
64.16484 54.47097 48.41077 176.42304 290.43909 400.00000 5.34071
64.27553 52.64819 46.78544 182.44487 138.57993 400.00000 5.42797
64.92564 49.11965 46.26302 189.82365 125.25884 400.00000 5.51524
66.21960 46.00701 46.09866 199.97054 116.03645 400.00000 5.60251
69.91669 44.24236 47.00201 214.90217 108.04680 400.00000 5.68977
75.10825 42.78610 48.28317 235.24319 102.21951 400.00000 5.77704
82.50661 41.61198 45.73416 239.40749 98.18578 400.00000 5.86431
93.42655 40.70351 41.59618 243.46456 95.18462 400.00000 5.95157
113.64748 41.16627 39.13197 248.62937 92.24991 400.00000 6.03884
136.91273 41.99880 37.10209 256.25082 90.24843 400.00000 6.12611
140.59285 43.26238 35.43628 266.80345 89.05440 400.00000 6.21337
146.83960 46.37545 35.08547 272.47675 87.57409 400.00000 0.01745
155.31527 50.38448 35.00533 265.37788 86.80775 400.00000 0.10472
166.76239 55.61555 35.19279 260.47164 86.71500 400.00000 0.19199
183.62085 64.37850 36.67380 117.68306 86.29395 400.00000 0.27925
202.88372 76.31862 38.49108 108.78672 86.53157 400.00000 0.36652
205.86313 95.88514 41.77465 100.44202 384.98399 400.00000 0.45379
101.64135 70.23620 67.07629 158.31485 278.58781 400.00000 0.54105
103.18038 72.75556 64.57856 159.42452 254.55175 400.00000 0.62832
104.48291 75.26167 61.95198 161.23253 230.09577 400.00000 0.71558
108.16481 80.58207 61.28458 164.20400 210.89735 400.00000 0.80285
114.81170 79.09022 61.80215 169.54084 169.07538 400.00000 0.89012
122.16806 76.57787 62.07888 176.22543 91.81787 400.00000 0.97738
129.29662 75.62639 63.56248 186.29817 72.05099 400.00000 1.06465
125.55291 75.23739 66.31992 318.81228 65.93480 400.00000 1.15192
123.54123 75.40882 68.98406 298.75254 61.06778 400.00000 1.23918
122.16575 77.31557 72.98674 281.49171 60.41289 400.00000 1.32645
121.67661 80.01365 70.18497 267.87912 62.89219 400.00000 1.41372
122.11534 83.66301 68.02381 257.25737 67.27442 400.00000 1.50098
124.23847 89.83519 67.43340 231.88964 74.93046 400.00000 1.58825
127.59973 97.78597 67.36172 211.64894 93.00207 400.00000 1.67552
108.69108 82.15041 71.02596 192.03446 70.97503 400.00000 1.76278
114.21679 79.26994 73.06696 178.90485 69.18248 400.00000 1.85005
123.10807 77.80988 75.74140 168.52113 67.30796 400.00000 1.93732
254.97239 76.08840 79.16091 160.31102 66.82691 400.00000 2.02458
237.18370 75.49619 82.90269 135.51540 66.10912 400.00000 2.11185
223.39702 76.34218 77.94939 117.75647 65.22016 400.00000 2.19911
211.42068 78.49016 74.54706 103.84946 64.11880 400.00000 2.28638
202.55738 80.78602 71.30412 94.55007 64.25527 400.00000 2.37365
186.37811 84.69936 69.31371 86.53357 64.15055 400.00000 2.46091
168.77864 89.83631 67.89968 80.30904 64.53712 400.00000 2.54818
154.69742 97.74342 67.83692 74.62612 64.72974 400.00000 2.63545
142.14660 231.83473 68.87069 69.25821 64.66954 400.00000 2.72271
131.78066 211.98286 70.45494 64.85910 65.11418 400.00000 2.80998
124.21282 197.46574 72.89596 61.28787 207.29365 400.00000 2.89725
64.18185 143.58034 215.61499 35.54752 41.31716 400.00000 2.80998
69.77495 145.57009 209.69530 34.03865 36.74377 400.00000 2.72271
73.81485 149.91981 205.04185 33.50004 33.63179 400.00000 2.63545
72.48787 154.24020 89.29073 33.13774 30.94222 400.00000 2.54818
72.80552 160.82957 88.07452 34.67737 30.07871 400.00000 2.46091
73.75940 170.85183 88.35451 35.81695 28.78285 400.00000 2.37365
75.45665 183.59347 88.48837 38.33691 28.42058 400.00000 2.28638
78.09302 201.41969 89.31141 41.60976 28.27757 400.00000 2.19911
83.66607 228.07201 90.26115 47.10697 29.08482 400.00000 2.11185
91.46434 215.75545 91.08498 48.87649 30.83569 400.00000 2.02458
102.71445 206.82782 93.63475 48.00777 32.17728 400.00000 1.93732
107.52324 199.19103 96.20879 47.45872 34.58627 400.00000 1.85005
110.69871 192.75416 99.14737 48.38317 38.26737 400.00000 1.76278
116.40780 187.33243 102.55040 50.99135 43.24332 400.00000 1.67552
122.89342 184.05332 108.31020 53.05501 41.63931 400.00000 1.58825
133.26906 181.54677 115.30008 57.24979 41.38117 400.00000 1.50098
147.64413 180.40137 125.20026 62.68809 41.43956 400.00000 1.41372
170.11019 179.96473 138.27701 71.55280 42.82872 400.00000 1.32645
121.77663 116.80092 315.39740 53.53995 52.38492 400.00000 1.23918
112.71784 116.22427 281.04457 55.17425 50.19532 400.00000 1.15192
105.72152 117.25430 256.59286 56.42994 47.65239 400.00000 1.06465
99.98352 119.50304 236.74633 60.09359 46.95275 400.00000 0.97738
93.76471 121.18544 222.60990 65.15192 46.86709 400.00000 0.89012
89.76551 126.10590 211.14748 71.31315 46.89283 400.00000 0.80285
85.81980 132.03128 194.05032 80.85361 48.10880 400.00000 0.71558
83.26217 141.77462 139.12662 94.82317 50.32272 400.00000 0.62832
80.47446 415.49929 116.13729 90.26597 52.42193 400.00000 0.54105
78.33267 439.38729 102.59400 81.66964 56.58913 400.00000 0.45379
77.36864 312.57503 92.97725 75.03447 60.60737 400.00000 0.36652
77.09908 279.00905 86.16396 69.51585 67.20203 400.00000 0.27925
77.42115 253.65340 81.50084 64.77525 75.16970 400.00000 0.19199
78.41411 234.12195 78.31063 60.67128 84.97086 400.00000 0.10472
81.29381 217.73581 75.11435 57.86709 82.38631 400.00000 0.01745
85.39744 204.79010 72.90398 55.50799 72.63375 400.00000 6.21337
70.58846 187.33054 83.93766 41.45558 50.13202 400.00000 6.12611
77.32356 178.55954 81.68731 40.41606 45.33357 400.00000 6.03884
374.47037 171.93424 79.60454 40.31757 42.03509 400.00000 5.95157
402.26790 156.57452 78.84361 39.83273 38.63100 400.00000 5.86431
249.20758 136.88495 77.87356 40.51351 36.52872 400.00000 5.77704
222.87953 121.73716 76.94340 42.36225 35.44284 400.00000 5.68977
185.98002 111.36086 77.28784 42.29210 32.72263 400.00000 5.60251
169.52151 101.51103 76.72362 46.35174 32.99439 400.00000 5.51524
157.26939 94.78939 77.57088 291.47716 32.74231 400.00000 5.42797
146.26993 88.59807 78.19927 304.04687 33.52250 400.00000 5.34071
136.47434 82.11893 77.99353 322.11782 36.04063 400.00000 5.25344
101.39994 65.21632 66.58930 194.40736 108.59458 400.00000 5.34071
100.22586 66.93244 63.56996 317.96791 91.95711 400.00000 5.42797
100.07520 68.66560 60.60629 299.66565 81.96664 400.00000 5.51524
100.38541 71.85590 58.80326 284.36982 76.43368 400.00000 5.60251
101.53540 76.06661 57.49233 272.40541 72.92766 400.00000 5.68977
104.54218 80.77850 58.02692 261.83103 69.67505 400.00000 5.77704
109.27604 77.67279 58.42961 254.63116 67.11268 400.00000 5.86431
116.87138 75.84451 60.70977 248.23170 64.57413 400.00000 5.95157
125.54872 73.59961 62.68933 244.27936 64.04028 400.00000 6.03884
140.22607 73.13980 65.52409 225.39298 62.56586 400.00000 6.12611
162.92175 73.95167 70.62516 170.27936 60.96038 400.00000 6.21337
274.32175 74.34281 72.01266 141.18748 60.95901 400.00000 0.01745
257.19111 77.56848 69.85301 118.68136 59.41860 400.00000 0.10472
243.82700 80.58928 67.33996 104.87363 59.37123 400.00000 0.19199
104.53270 185.26663 53.99701 115.02881 73.39954 400.00000 0.10472
103.31403 175.48974 54.48125 105.70738 74.63332 400.00000 0.01745
103.33095 166.84822 54.40900 98.34375 77.48596 400.00000 6.21337
104.70149 159.07479 53.73570 92.60874 82.12037 400.00000 6.12611
106.50875 153.82914 54.50324 87.35394 86.66626 400.00000 6.03884
110.02836 149.00917 54.65970 83.35610 93.43182 400.00000 5.95157
79.26655 120.68182 164.48025 55.15322 76.77024 400.00000 5.86431
84.66399 117.69944 175.15631 53.66240 68.76395 400.00000 5.77704
90.49837 115.18606 315.43296 51.64992 61.23388 400.00000 5.68977
100.69403 113.91669 306.61505 50.89693 56.00748 400.00000 5.60251
116.71799 112.52278 299.92077 50.98882 52.17001 400.00000 5.51524
112.36338 112.92513 296.35791 50.98677 48.52593 400.00000 5.42797
104.77179 113.21958 294.49613 51.91902 45.92251 400.00000 5.34071
97.83676 113.84194 279.11507 55.03291 45.13565 400.00000 5.25344
92.81370 116.61884 265.53315 58.41796 44.25671 400.00000 5.16617
87.68585 119.50922 255.26706 63.49212 44.17745 400.00000 5.07891
84.57987 125.86890 246.64353 70.80355 44.87727 400.00000 4.99164
81.17248 133.13934 240.42421 81.29432 46.39691 400.00000 4.90438
78.30963 143.45753 198.80847 90.18311 48.32926 400.00000 4.81711
75.94067 158.38519 125.73886 81.24210 50.73916 400.00000 4.72984
74.47005 286.03151 99.74893 74.09960 54.70821 400.00000 4.64258
73.93477 280.48789 86.12354 68.41818 60.50557 400.00000 4.55531
73.45864 277.90999 78.89962 63.13099 66.33083 400.00000 4.46804
74.03223 270.56514 73.88459 58.92020 74.66534 400.00000 4.38078
75.84769 255.59289 70.18101 55.65068 81.77941 400.00000 4.29351
79.37488 244.80779 66.71918 53.33738 71.85949 400.00000 4.20624
83.48296 235.51440 65.32240 50.89794 63.26396 400.00000 4.11898
91.10299 228.43523 226.02062 49.73068 57.27096 400.00000 4.03171
102.88117 222.31149 214.38406 49.32826 52.77187 400.00000 3.94444
120.45104 200.19987 205.57913 49.29028 49.04508 400.00000 3.85718
247.90389 158.13855 199.07860 49.64036 45.93649 400.00000 3.76991
244.21996 130.89956 193.51578 51.51066 44.26872 400.00000 3.68264
242.38265 113.01304 189.70919 54.02196 42.99458 400.00000 3.59538
229.01421 100.05043 187.18041 57.89374 42.47757 400.00000 3.50811
216.00003 89.13536 185.17278 64.29350 43.20318 400.00000 3.42085
205.45594 82.22947 185.54966 71.09187 43.34334 400.00000 3.33358
129.72298 66.65020 51.49981 173.13095 60.86890 400.00000 3.42085
128.41105 71.91624 51.11766 174.71719 60.61538 400.00000 3.50811
128.04545 80.26609 52.08924 177.10998 59.90969 400.00000 3.59538
129.78403 91.70642 53.76046 182.08506 59.26127 400.00000 3.68264
131.54521 106.61587 55.60923 188.13428 59.47023 400.00000 3.76991
135.81120 110.42388 58.27778 187.30605 59.72968 400.00000 3.85718
125.51521 94.49192 69.49289 172.42001 55.01167 400.00000 3.94444
122.27053 91.36887 75.02896 169.02574 55.10138 400.00000 4.03171
120.69808 89.93770 82.09129 166.91437 55.17988 400.00000 4.11898
119.17864 88.15142 90.36734 166.05082 56.18463 400.00000 4.20624
75.29495 66.46925 72.54419 125.87623 224.12978 400.00000 4.29351
73.88534 66.38233 67.37119 125.32396 233.77873 400.00000 4.38078
73.86479 63.58923 64.12814 125.72402 245.87671 400.00000 4.46804
74.43972 59.35130 61.54576 127.16304 261.86907 400.00000 4.55531
76.77694 56.44105 60.54144 129.78714 282.23656 400.00000 4.64258
78.99604 53.19462 59.01779 133.82631 310.52906 400.00000 4.72984
83.65209 51.12139 58.95922 139.63698 348.35935 400.00000 4.81711
91.71045 50.19845 57.90867 147.77846 391.02843 400.00000 4.90438
90.66579 48.80527 52.29951 159.15796 387.64438 400.00000 4.99164
89.46575 50.08944 49.92279 177.38922 385.05251 400.00000 5.07891
87.83389 50.28185 46.60792 197.04535 386.64448 400.00000 5.16617
86.78295 51.82876 44.61870 204.62152 390.26147 400.00000 5.25344
87.49750 54.76266 43.66265 216.24417 199.40355 400.00000 5.34071
88.99689 58.57136 43.05758 231.84846 134.82843 400.00000 5.42797
91.42590 64.70387 43.57051 252.06725 109.66265 400.00000 5.51524
95.01073 66.01005 44.42199 280.10002 96.26435 400.00000 5.60251
100.10799 63.34702 45.63739 320.36044 88.21075 400.00000 5.68977
109.08579 62.14172 47.90774 375.15023 310.83522 400.00000 5.77704
121.69726 61.37767 51.53651 370.40821 324.76978 400.00000 5.86431
142.59841 62.12641 55.66286 369.18374 343.66070 400.00000 5.95157
162.07728 62.30571 59.22676 370.08730 212.74332 400.00000 6.03884
171.14980 64.16484 56.68375 373.60453 203.51118 400.00000 6.12611
184.65724 67.98374 55.68558 379.91872 195.59456 400.00000 6.21337
201.34078 71.55070 54.13186 200.03455 190.76501 400.00000 0.01745
226.08480 77.73605 54.00823 160.74431 186.65487 400.00000 0.10472
207.31619 95.07921 61.33601 171.93734 82.43849 400.00000 0.19199
250.03768 96.74236 62.14172 149.72413 81.73039 400.00000 0.27925
282.80672 100.66418 65.53886 131.58313 80.22369 400.00000 0.36652
279.73361 104.76955 68.55328 119.46138 80.27423 400.00000 0.45379
278.48637 111.34985 73.43173 109.06078 80.01966 400.00000 0.54105
92.45298 103.17869 84.35652 178.42336 177.23139 400.00000 0.62832
91.37221 94.79286 84.72585 202.91449 102.61998 400.00000 0.71558
90.63669 87.46722 86.61465 383.54020 83.15284 400.00000 0.80285
90.87949 81.52834 88.35127 404.07724 72.83908 400.00000 0.89012
91.20494 75.90961 92.66277 284.75754 69.35173 400.00000 0.97738
93.92932 72.27554 97.61938 275.78416 64.68350 400.00000 1.06465
97.85908 69.24506 97.99562 269.24217 61.71122 400.00000 1.15192
102.93092 66.46658 86.49165 263.98646 60.55510 400.00000 1.23918
96.14503 56.04611 67.42142 248.78731 74.92858 400.00000 1.32645
106.14210 54.99926 61.37987 247.08367 72.55953 400.00000 1.41372
120.65876 54.33253 56.36655 247.25224 71.03971 400.00000 1.50098
145.80453 55.11082 53.18365 243.87740 69.17206 400.00000 1.58825
350.45929 56.39409 50.59136 187.04874 67.99253 400.00000 1.67552
348.11512 59.44006 49.47179 152.11662 66.45288 400.00000 1.76278
233.66347 62.11278 47.79376 131.42716 66.43133 400.00000 1.85005
225.65138 67.07863 47.46482 115.63817 65.99789 400.00000 1.93732
220.04399 75.48019 48.74055 102.11465 64.72312 400.00000 2.02458
215.25691 85.99697 50.13047 92.57624 64.41402 400.00000 2.11185
213.01178 100.81460 52.23873 84.66792 384.41596 400.00000 2.19911
211.43572 121.16967 54.56259 79.03464 382.53328 400.00000 2.28638
211.96501 301.47711 58.83435 73.07358 381.06327 400.00000 2.37365
155.45437 293.82309 82.43493 56.50792 53.78060 400.00000 2.28638
173.28463 300.18607 79.98291 58.74668 51.96159 400.00000 2.19911
165.90482 283.08195 78.30991 61.70664 50.60916 400.00000 2.11185
159.61305 261.14083 78.31457 64.39046 48.78141 400.00000 2.02458
154.57102 241.45481 76.67157 71.26103 49.58302 400.00000 1.93732
94.60068 211.75826 85.98297 87.73200 55.60699 400.00000 1.85005
91.36496 200.10449 80.20138 100.33888 57.26616 400.00000 1.76278
88.75127 190.89371 81.21200 101.29843 59.42730 400.00000 1.67552
87.15465 182.84827 81.03369 92.42936 63.11922 400.00000 1.58825
86.14790 176.57331 81.47859 84.97998 67.56548 400.00000 1.50098
85.74584 171.84500 82.58235 78.65585 72.94567 400.00000 1.41372
86.48735 167.68571 83.34983 73.66039 80.60991 400.00000 1.32645
89.18341 165.39058 85.16578 70.30972 89.36967 400.00000 1.23918
201.81852 155.83936 87.52312 66.64685 96.88473 400.00000 1.15192
185.63688 131.57384 89.64565 63.92386 85.27035 400.00000 1.06465
173.08598 113.93550 93.23525 62.58333 77.06570 400.00000 0.97738
162.24805 102.42720 97.86469 60.75591 69.34523 400.00000 0.89012
153.92345 92.99943 104.89062 60.28415 63.93262 400.00000 0.80285
146.32582 84.85220 112.91786 60.70946 59.88641 400.00000 0.71558
140.66319 77.68014 125.48965 62.68576 57.50252 400.00000 0.62832
91.20228 61.28365 52.87038 132.69495 153.07746 400.00000 0.71558
88.14612 64.00588 51.14590 140.97887 156.73667 400.00000 0.80285
85.13102 68.54717 50.51094 151.50321 160.84380 400.00000 0.89012
83.52892 75.56117 51.01381 146.44675 166.20767 400.00000 0.97738
81.60873 83.46832 51.15741 142.08159 173.93204 400.00000 1.06465
81.41047 76.71121 53.91266 137.28171 181.98093 400.00000 1.15192
80.87565 70.80768 56.41321 133.91954 193.35903 400.00000 1.23918
82.66455 67.08018 59.59082 132.17532 45.13264 400.00000 1.32645
84.62206 63.38775 64.22988 130.45828 44.72475 400.00000 1.41372
87.61026 60.21522 69.82763 129.69502 258.35732 400.00000 1.50098
93.27395 58.31893 73.91780 129.54494 299.05343 400.00000 1.58825
101.14437 56.83393 66.68265 130.40874 669.64523 400.00000 1.67552
112.31419 55.73673 60.71828 132.39122 470.00012 400.00000 1.76278
110.47740 55.90546 56.63462 135.24313 437.49262 400.00000 1.85005
105.30212 56.52874 53.26573 139.58871 412.49226 400.00000 1.93732
100.64760 58.62963 51.33100 145.31952 322.37929 400.00000 2.02458
98.03399 61.11879 49.59635 155.46293 76.19341 400.00000 2.11185
94.82191 64.80136 48.54068 167.11425 57.26371 400.00000 2.19911
92.86038 71.66433 49.25545 184.98135 52.46735 400.00000 2.28638
91.88829 79.20161 49.52029 212.12337 49.37409 400.00000 2.37365
91.19674 86.46914 51.01511 253.64856 49.10523 400.00000 2.46091
92.27058 81.30026 53.55098 486.53116 47.20471 400.00000 2.54818
93.78864 76.61406 57.53027 448.29028 46.96804 400.00000 2.63545
96.73026 72.97081 61.32761 419.17882 46.40972 400.00000 2.72271
100.46987 69.58495 66.93183 395.67355 46.91019 400.00000 2.80998
62.61793 39.48649 50.38987 360.56299 88.56857 400.00000 2.89725
66.39750 37.67445 44.49007 345.90813 85.37938 400.00000 2.98451
73.84696 37.07107 40.63853 259.34724 82.12331 400.00000 3.07178
82.45470 35.71800 36.40866 212.25249 80.85146 400.00000 3.15905
101.93285 36.64891 34.74905 178.17414 78.29987 400.00000 3.24631
131.97090 36.85653 32.47455 156.37231 77.47080 400.00000 3.33358
202.84874 38.55008 31.49079 139.15292 76.32780 400.00000 3.42085
375.77924 40.78977 30.77075 125.88983 75.80280 400.00000 3.50811
352.65200 44.22787 30.63201 113.53263 75.44839 400.00000 3.59538
332.73464 49.68699 31.33231 103.50098 75.17434 400.00000 3.68264
317.47022 57.51307 32.63336 95.20646 75.05812 400.00000 3.76991
264.02978 67.49171 33.88074 89.16528 75.94116 400.00000 3.85718
205.75694 85.02456 36.83122 82.92216 76.06565 400.00000 3.94444
168.14460 112.03200 40.27996 77.84883 76.79343 400.00000 4.03171
141.46090 160.25831 44.75657 73.28319 77.71838 400.00000 4.11898
85.61852 316.05259 76.65446 49.94918 57.01072 400.00000 4.03171
92.91652 336.09871 74.42999 49.64064 52.64495 400.00000 3.94444
103.23301 515.26016 72.96922 49.70418 49.03033 400.00000 3.85718
118.40762 166.58857 72.16338 50.16743 46.01929 400.00000 3.76991
145.22990 141.36313 70.96410 51.99262 44.43276 400.00000 3.68264
192.21184 123.99004 70.35290 53.35525 43.23548 400.00000 3.59538
241.78810 110.92668 69.94970 55.66970 42.80301 400.00000 3.50811
249.03933 99.83105 69.14250 60.02683 43.61083 400.00000 3.42085
259.05176 91.28823 68.86548 65.60557 44.76214 400.00000 3.33358
120.63133 279.90316 45.58584 93.33598 62.51073 400.00000 3.24631
125.89521 255.83153 45.96183 89.61553 63.59672 400.00000 3.15905
134.39947 231.76860 45.71931 87.35911 66.21052 400.00000 3.07178
147.33324 212.00208 44.79355 86.52667 70.50516 400.00000 2.98451
163.65679 197.77088 45.22311 85.54137 74.59545 400.00000 2.89725
295.48256 185.49471 45.33493 86.67297 80.42043 400.00000 2.80998
279.86911 152.12121 45.39328 87.86296 85.21218 400.00000 2.72271
266.70806 119.67864 44.52959 90.74071 81.81573 400.00000 2.63545
256.99570 98.88664 44.39406 95.42020 79.83435 400.00000 2.54818
248.81371 86.89751 44.66399 100.65340 77.87847 400.00000 2.46091
149.36748 94.51778 60.01636 228.58225 77.31762 400.00000 2.54818
152.09395 93.72194 63.00642 246.36306 76.66180 400.00000 2.63545
150.73194 93.62695 65.82809 272.18219 77.23067 400.00000 2.72271
149.70370 94.26076 70.19604 281.65148 77.75964 400.00000 2.80998
122.97381 86.78295 82.49441 259.16553 67.92114 400.00000 2.89725
123.89760 89.83077 79.35725 267.00629 68.51771 400.00000 2.98451
125.89967 93.94117 76.94735 277.86327 69.71207 400.00000 3.07178
129.98140 100.70099 76.18558 292.44649 70.64893 400.00000 3.15905
135.70830 100.59707 76.01158 311.83202 72.28542 400.00000 3.24631
143.54960 97.54584 76.41863 337.67322 74.78167 400.00000 3.33358
155.31678 95.88590 78.44119 372.61732 77.17841 400.00000 3.42085
171.41756 94.92944 81.14336 421.16979 80.80094 400.00000 3.50811
197.12882 96.15274 85.69160 120.30324 85.90173 400.00000 3.59538
192.45276 85.62097 85.95139 140.35303 44.21434 400.00000 3.68264
198.23127 88.08108 82.23923 111.59767 43.76465 400.00000 3.76991
205.01095 90.58877 78.56957 96.08422 44.53698 400.00000 3.85718
215.69455 95.89420 77.05538 83.20892 44.15903 400.00000 3.94444
231.34767 102.86562 76.25164 73.74407 43.87854 400.00000 4.03171
102.67009 65.18410 82.46727 359.97196 59.13448 400.00000 4.11898
111.88522 63.97778 75.94728 361.64443 57.85623 400.00000 4.20624
124.80848 63.22748 69.66313 178.80841 57.13667 400.00000 4.29351
143.65966 62.93118 64.46835 143.56055 56.89429 400.00000 4.38078
176.05008 64.22281 61.19867 119.88373 56.03253 400.00000 4.46804
141.12560 40.22923 35.62776 145.71367 77.86611 400.00000 4.55531
188.72350 42.59332 34.97910 127.82114 76.50877 400.00000 4.64258
142.13446 40.11936 30.43627 253.07748 79.50536 400.00000 4.72984
150.17017 43.54944 30.34718 269.19707 79.33772 400.00000 4.81711
161.04196 48.02416 30.49001 279.36689 79.77673 400.00000 4.90438
145.51225 66.28800 37.90455 252.78669 73.55151 400.00000 4.99164
149.80312 78.41415 39.72429 254.34947 74.08131 400.00000 5.07891
98.54534 60.98574 62.69085 207.46732 94.26648 400.00000 5.16617
97.90897 61.69820 58.99621 210.67352 81.70837 400.00000 5.25344
99.16384 63.79221 56.69497 216.65907 72.56845 400.00000 5.34071
100.12151 65.75289 54.19669 224.18018 69.28996 400.00000 5.42797
103.35101 70.37379 53.59629 234.52665 65.85235 400.00000 5.51524
109.40630 76.01158 54.12280 249.49954 62.06006 400.00000 5.60251
115.99815 73.40210 54.34860 257.49320 60.95184 400.00000 5.68977
126.96871 72.32889 55.72155 257.99193 59.11541 400.00000 5.77704
142.32391 71.78066 58.30186 259.47253 59.83035 400.00000 5.86431
164.72575 71.76671 60.71788 264.14132 63.98730 400.00000 5.95157
172.20667 73.43173 65.34582 270.12506 67.72090 400.00000 6.03884
176.33118 75.83117 66.98989 278.81176 74.74921 400.00000 6.12611
146.48695 72.92801 59.73544 245.91102 66.89624 400.00000 6.21337
152.22563 76.85075 58.14163 243.01701 66.95538 400.00000 0.01745
162.16792 84.93384 59.00899 235.60555 65.51881 400.00000 0.10472
174.31813 93.75193 59.32499 230.99134 65.60044 400.00000 0.19199
185.45216 107.29750 61.12300 88.90485 65.19164 400.00000 0.27925
117.74851 76.15057 83.22395 172.28505 56.47421 400.00000 0.36652
118.12347 76.83756 78.88729 171.97443 56.77940 400.00000 0.45379
118.35194 78.16976 74.65294 171.54013 56.66607 400.00000 0.54105
120.71909 81.06917 71.95781 173.04331 56.82473 400.00000 0.62832
123.08505 84.06392 69.19759 175.37994 57.61865 400.00000 0.71558
112.22447 84.23957 66.94954 161.43793 206.31341 400.00000 0.80285
117.77637 81.13249 66.74032 165.89919 192.46024 400.00000 0.89012
127.05157 79.63898 67.75562 173.08297 100.97810 400.00000 0.97738
126.10801 78.73852 70.02646 181.70383 80.75248 400.00000 1.06465
123.17009 78.40921 72.18713 311.95951 69.99306 400.00000 1.15192
120.29284 78.68630 75.77354 291.63703 66.03754 400.00000 1.23918
95.32664 71.99052 67.95984 267.81525 107.14880 400.00000 1.32645
94.03892 74.42471 65.28256 254.78560 98.64190 400.00000 1.41372
93.40489 77.73520 63.20409 244.60679 92.83404 400.00000 1.50098
94.13021 83.47321 62.65787 235.99328 87.76890 400.00000 1.58825
95.69536 78.31228 62.59364 218.38343 84.19164 400.00000 1.67552
99.01611 74.83791 64.01477 200.98276 80.82149 400.00000 1.76278
102.87583 71.39897 64.93802 188.50080 79.31178 400.00000 1.85005
109.28469 69.07287 67.44252 177.61673 77.71472 400.00000 1.93732
120.68098 68.65515 71.67465 167.93646 75.29637 400.00000 2.02458
241.11803 67.90473 74.56647 152.34145 74.31746 400.00000 2.11185
226.53587 67.64770 69.07186 133.50579 73.94302 400.00000 2.19911
215.31983 68.81876 65.36152 118.95699 73.44651 400.00000 2.28638
205.51258 71.31432 62.94413 107.10381 72.78666 400.00000 2.37365
196.03177 74.66263 61.10015 98.04646 72.68548 400.00000 2.46091
177.72694 80.16134 60.58719 90.15549 72.44983 400.00000 2.54818
163.09101 87.23026 60.54046 83.89409 235.21250 400.00000 2.63545
95.22416 165.73178 67.03665 59.53977 55.59500 400.00000 2.54818
95.57585 172.10586 66.51551 61.56827 53.40353 400.00000 2.46091
98.03456 183.21611 66.74811 64.38632 51.74147 400.00000 2.37365
101.66319 197.39434 66.66792 69.05761 51.19497 400.00000 2.28638
108.31815 214.72011 66.51007 71.60302 51.77172 400.00000 2.19911
99.03846 197.42170 61.68731 60.07102 54.37979 400.00000 2.11185
98.20142 186.48922 61.51418 59.04295 56.51221 400.00000 2.02458
98.73287 178.62067 62.75136 58.43594 58.45005 400.00000 1.93732
100.40773 171.10950 62.93903 59.33901 58.29524 400.00000 1.85005
103.10794 165.22790 63.66111 60.78577 55.52874 400.00000 1.76278
107.06784 160.77426 65.01639 62.86604 53.31368 400.00000 1.67552
112.65230 157.61167 67.16369 65.71447 51.57487 400.00000 1.58825
121.83803 155.01960 69.38499 70.91646 51.25969 400.00000 1.50098
136.18898 152.93983 71.70206 72.27558 52.33868 400.00000 1.41372
154.78158 152.63918 76.75518 71.74439 52.82048 400.00000 1.32645
160.21090 153.66480 85.40388 73.26992 54.75872 400.00000 1.23918
141.81108 146.22254 67.12225 72.41035 60.33151 400.00000 1.15192
134.15004 148.78398 78.00668 76.29407 64.42669 400.00000 1.06465
127.06410 151.87049 99.85525 80.54649 62.93316 400.00000 0.97738
121.93352 157.59199 189.32726 86.90719 62.51677 400.00000 0.89012
117.81074 392.51990 199.21856 95.16747 62.57852 400.00000 0.80285
113.95573 403.16609 210.84765 107.47955 63.95152 400.00000 0.71558
75.51631 377.77604 163.38735 91.32149 75.06191 400.00000 0.62832
71.92628 394.10608 135.91382 80.67771 78.67622 400.00000 0.54105
70.22507 417.63939 116.99750 73.21665 82.86585 400.00000 0.45379
68.27018 285.96938 106.24276 66.21050 88.99073 400.00000 0.36652
68.31430 255.67296 96.63223 61.59511 96.15819 400.00000 0.27925
68.14127 232.41888 90.80020 57.01113 98.71157 400.00000 0.19199
68.50003 214.50479 86.73357 53.00047 82.75060 400.00000 0.10472
70.56485 199.37724 82.86576 50.22992 71.51316 400.00000 0.01745
73.60989 187.41409 80.13398 47.84613 62.60799 400.00000 6.21337
77.98003 177.95196 78.30494 45.79653 55.38152 400.00000 6.12611
352.75941 170.52883 77.22728 44.04039 49.39889 400.00000 6.03884
373.94392 163.82758 75.92669 43.36710 45.21454 400.00000 5.95157
402.34678 147.79020 74.42023 43.84265 42.51994 400.00000 5.86431
237.51784 129.70890 73.79112 44.54761 40.16604 400.00000 5.77704
211.84769 116.27635 73.49192 45.85272 38.36318 400.00000 5.68977
190.87519 104.26240 72.36129 49.52549 38.31931 400.00000 5.60251
130.97466 91.56942 69.20960 272.24386 37.86279 400.00000 5.68977
135.99967 100.45449 69.71848 261.67411 37.03312 400.00000 5.77704
143.32708 101.87608 70.18486 254.47748 37.11998 400.00000 5.86431
152.80844 99.16612 71.78648 248.53511 36.83981 400.00000 5.95157
124.26652 72.84796 87.43630 213.90393 65.61578 400.00000 6.03884
138.20122 72.08367 80.75438 211.29899 64.39943 400.00000 6.12611
256.39677 71.84711 74.81702 178.13577 63.77299 400.00000 6.21337
237.88090 73.21837 70.92346 145.08254 62.64074 400.00000 0.01745
222.93557 75.28744 67.79885 123.92904 62.04588 400.00000 0.10472
210.84287 78.17925 65.32616 109.41618 61.94286 400.00000 0.19199
200.62062 83.32734 64.38604 97.47935 61.34784 400.00000 0.27925
192.39140 89.96834 63.94899 88.56256 61.22837 400.00000 0.36652
185.42559 100.10480 64.96372 80.48969 60.61932 400.00000 0.45379
181.33335 112.25075 65.80403 74.95546 61.13466 400.00000 0.54105
113.58490 149.92975 85.95261 50.63430 44.54782 400.00000 0.45379
109.29118 157.07397 84.17973 53.96952 44.01825 400.00000 0.36652
105.36642 166.23821 84.05579 56.93247 42.87764 400.00000 0.27925
102.64321 179.84624 83.61136 62.24101 43.03078 400.00000 0.19199
85.30371 168.76410 82.46960 71.68351 45.11344 400.00000 0.10472
84.00231 192.28885 82.32088 82.90975 46.93700 400.00000 0.01745
83.27483 194.29252 82.80642 79.25563 49.19026 400.00000 6.21337
83.14719 186.63351 83.96390 73.54390 51.94730 400.00000 6.12611
60.04668 166.16276 193.34544 49.24773 68.58297 400.00000 6.03884
60.23331 161.16092 202.49597 45.63200 69.49465 400.00000 5.95157
60.94849 157.48560 214.64104 42.40761 59.02906 400.00000 5.86431
63.73190 155.43835 349.39085 40.39506 51.76294 400.00000 5.77704
66.94970 153.23454 81.15258 38.21004 45.30015 400.00000 5.68977
74.47633 151.63841 83.53706 37.64490 41.42481 400.00000 5.60251
84.37850 152.12023 88.88259 36.86116 37.71507 400.00000 5.51524
101.28660 152.83331 94.61429 36.81785 35.04086 400.00000 5.42797
103.78601 124.86100 314.00607 29.43730 26.03737 400.00000 5.34071
109.30196 127.18274 295.09529 30.65853 25.14482 400.00000 5.25344
103.18801 129.65399 280.60960 32.89414 24.92019 400.00000 5.16617
98.90195 134.79592 269.62234 35.11784 24.43480 400.00000 5.07891
94.48134 140.60392 261.53546 38.79617 24.59009 400.00000 4.99164
91.15517 149.51298 254.87556 45.28590 25.84591 400.00000 4.90438
88.86736 162.79852 271.27392 55.93486 28.27290 400.00000 4.81711
86.75445 180.93889 293.27271 68.88109 30.09104 400.00000 4.72984
85.63973 306.95721 321.69846 85.21372 33.26418 400.00000 4.64258
85.11899 302.03298 360.68141 78.76791 36.98451 400.00000 4.55531
85.71076 298.66179 468.46840 73.66058 42.51542 400.00000 4.46804
87.06738 285.64160 452.59865 69.29451 49.14152 400.00000 4.38078
90.58303 271.06532 440.50863 66.46223 56.61052 400.00000 4.29351
94.71226 258.62513 240.21318 63.64361 68.17072 400.00000 4.20624
100.52593 248.92296 223.73883 61.28871 76.17925 400.00000 4.11898
110.44397 241.55548 210.16199 60.28841 69.42947 400.00000 4.03171
125.43487 213.20665 199.50841 60.14204 64.34056 400.00000 3.94444
110.41457 207.06165 67.20362 45.18321 44.95845 400.00000 3.85718
234.29738 171.37340 65.43996 46.39425 42.93258 400.00000 3.76991
229.21266 143.23296 65.01475 47.48677 40.81055 400.00000 3.68264
227.26561 123.45991 64.39483 49.74090 39.58741 400.00000 3.59538
215.69229 109.17153 63.99892 53.28292 39.09454 400.00000 3.50811
107.85226 109.12161 70.81524 142.76419 177.81007 400.00000 3.59538
107.67392 101.64535 72.40949 145.01267 182.46672 400.00000 3.68264
109.51190 96.05973 74.90388 149.69563 188.99461 400.00000 3.76991
112.45229 91.43148 79.12066 155.44212 196.53481 400.00000 3.85718
110.71224 87.60414 83.17770 157.38338 208.02704 400.00000 3.94444
91.13287 73.58858 99.04779 142.02163 204.41703 400.00000 4.03171
88.26092 71.04273 90.22564 139.76565 219.39941 400.00000 4.11898
86.78528 70.01436 82.30403 138.54547 225.57125 400.00000 4.20624
85.90680 69.49335 75.84468 138.35982 234.04666 400.00000 4.29351
85.82999 70.57320 71.62449 138.17770 243.61340 400.00000 4.38078
85.49982 71.17129 67.18647 139.07524 257.05553 400.00000 4.46804
86.81508 69.21827 64.52834 141.16264 273.95820 400.00000 4.55531
90.10157 66.23639 63.47372 144.61995 295.50734 400.00000 4.64258
93.54760 62.99340 61.92318 149.72647 325.36266 400.00000 4.72984
99.81493 60.99881 61.86008 156.91166 365.31928 400.00000 4.81711
105.57837 60.23278 63.27676 166.84665 384.73313 400.00000 4.90438
102.89039 59.90529 64.19423 180.61746 380.45663 400.00000 4.99164
101.94934 60.70129 60.49934 201.05985 378.85361 400.00000 5.07891
100.68763 61.33952 56.85765 207.51547 380.42228 400.00000 5.16617
100.13417 63.46378 54.63514 215.80035 383.96771 400.00000 5.25344
101.49711 67.13803 53.52961 228.33330 121.02153 400.00000 5.34071
103.82971 71.89599 52.85292 245.11924 88.46166 400.00000 5.42797
106.00104 78.33461 52.74922 265.43964 79.66432 400.00000 5.51524
112.28541 78.01188 54.29942 297.05994 282.12681 400.00000 5.60251
119.17618 75.41312 55.67172 340.33576 290.60139 400.00000 5.68977
130.54529 74.36632 58.18350 368.92727 301.55820 400.00000 5.77704
146.44924 73.86126 62.14836 364.20931 314.98097 400.00000 5.86431
165.84520 73.90900 66.02080 363.23888 333.79941 400.00000 5.95157
173.25611 75.65693 71.91821 363.79355 199.66264 400.00000 6.03884
142.71608 66.49810 58.74498 331.25149 88.64798 400.00000 6.12611
153.44425 70.45587 57.71051 336.38623 85.24762 400.00000 6.21337
167.91325 75.52574 57.13919 344.51219 82.82728 400.00000 0.01745
187.86559 82.05472 57.00868 198.49162 81.22559 400.00000 0.10472
216.41792 90.57390 57.31397 167.55282 80.33626 400.00000 0.19199
262.13830 101.42423 59.08557 145.00519 79.15445 400.00000 0.27925
296.40586 104.58093 61.37767 128.93926 78.61177 400.00000 0.36652
294.34854 109.54025 64.26870 116.47974 78.27066 400.00000 0.45379
293.26937 116.44347 68.98132 106.33150 78.01714 400.00000 0.54105
295.42674 126.10622 74.66454 97.94600 77.95251 400.00000 0.62832
115.60521 119.93305 105.23455 377.44567 38.12258 400.00000 0.71558
116.06532 112.00663 106.47713 402.19737 38.35797 400.00000 0.80285
117.16992 105.11359 109.46028 277.38721 37.92005 400.00000 0.89012
119.33453 99.32178 113.43556 266.69847 37.75017 400.00000 0.97738
104.08553 80.09042 124.22007 246.93787 59.51898 400.00000 1.06465
108.47010 76.75342 108.62145 239.95853 58.03939 400.00000 1.15192
115.03166 74.28050 96.65976 235.87987 56.57321 400.00000 1.23918
125.29194 73.03681 87.86060 232.31188 55.15138 400.00000 1.32645
139.57098 72.32098 80.71113 230.50591 54.35158 400.00000 1.41372
276.14371 59.81563 62.05491 206.11393 74.10556 400.00000 1.50098
301.82457 60.79549 58.66953 206.87094 72.06622 400.00000 1.58825
318.96030 62.34272 55.92790 194.64313 70.75310 400.00000 1.67552
307.03070 64.55586 53.72966 160.38638 70.06557 400.00000 1.76278
193.15953 69.19705 53.24487 135.60393 68.54253 400.00000 1.85005
149.43024 74.66763 52.83480 131.62287 75.12080 400.00000 1.76278
147.80533 68.74253 52.89513 153.63742 77.65776 400.00000 1.67552
147.70052 62.94343 52.38764 156.63954 81.88757 400.00000 1.58825
256.65628 58.26604 52.27069 146.73506 87.05728 400.00000 1.50098
158.81201 99.29617 69.25614 46.62367 93.82914 400.00000 1.58825
151.82339 98.38859 78.14733 44.13620 103.17723 400.00000 1.67552
144.11435 98.21322 89.24285 41.81989 118.23805 400.00000 1.76278
138.41682 100.29395 101.60205 40.20858 141.12200 400.00000 1.85005
132.97244 102.68595 96.75861 37.60559 139.14882 400.00000 1.93732
128.26213 107.08645 93.75559 34.39569 137.39009 400.00000 2.02458
124.51651 112.85233 91.57680 30.93090 136.70315 400.00000 2.11185
122.61858 121.09723 90.71016 28.48540 136.60719 400.00000 2.19911
121.60712 131.73413 90.54190 25.67868 137.56022 400.00000 2.28638
