1.0944616799616849
0.7670208176250373
-0.7512463552479138
0.8247745140503044
0.1766727998246015
0.5627854240015151
1.0210749914258679
-0.9055414263613678
-0.8476016515356816
0.4156344676506955
-0.8893159460685820
-0.6487975601192013
0.8052740082530527
-0.9574609048393330
-0.7425699291821567
0.4611301223275382
-0.7284291107181371
-0.7759657366019059
0.5438149689532598
-0.6382633877018625
-0.6549617164543351
-0.4793898612269172
0.7374353171326093
-0.6601530219919999
-0.6975328594821932
-0.6917802510485277
0.3782695078029829
-1.0372628718037646
0.1072976992880149
0.7957747934823364
