0.0770858179480955 0.7122503189075857 0.7878999203867483 0.0024037521164982 -1.4688803872192733 0.8502646389999317 0.6447673937467197
0.8961568165812736 -0.0426569896054108 0.2675022121620343 -0.0630110650169100 0.8158100828739867 0.7349756005877137 0.1534309427816487
-0.1564869858035423 -0.1050309556593410 -0.3732372080669580 -0.4772102808919345 -0.6036879518537495 -1.1481359642942675 -0.4414684693904579
0.0246072950563422 0.2036180153371202 0.2142581373154740 0.3837930023956695 -0.0008982867154864 1.2071069748788787 0.6314606070725751
-0.6788458991280664 2.2807545132887017 0.4885766041081541 1.2773044439899743 4.0273988901774311 0.2927133095880770 -0.0971618900505960
0.5785621290421169 0.1711237027267946 0.2378557423809158 0.2332286006606321 0.8072639754431650 0.9320769703931229 0.5911786736118878
-0.1199479256824992 0.0443695020936822 0.2918524265722223 0.0771873546652189 -1.0846831970647810 1.1111664619639392 0.4405224070371453
-0.6216057185881537 -0.3921741917574929 -0.2404438414116309 -0.1401839923098189 -0.2515589099155937 -0.7412123113286005 -0.5793735998943654
-0.0789881224561077 -1.3810382457040005 -0.0167820385103086 1.6078287779203129 2.4914419465591893 -1.1246893125597706 0.3746959107811824
-1.2474457122112654 2.0916874136704848 1.6200877545908814 -0.3802191644072058 -2.6012456781151565 0.2148668828036747 4.4555436431905884
-0.5086364365015518 -0.3605861636600693 -0.4469812351360577 0.4844502956217415 -0.0012447624932026 -1.0899621754418520 -0.3569082272970197
-0.6967007762849013 -0.5248984769004866 0.0567175863172067 -0.6264195145623291 -0.3286047097165262 -0.9704869855964569 -0.5043440554918135
0.0497385631081882 1.1361250470681286 0.2279088400302868 -0.8722893377291969 -1.4250661381142604 1.1077758347768984 -0.2657017570815580
-0.4390934276940067 -0.3875412207463625 0.2007208414795790 0.3136891763572006 0.3582796486727777 -1.2667039984615773 0.0275822633176003
-0.1231753100024559 -0.4925515942546343 -0.2259126363369941 -0.6721555896589360 -1.5488506623277951 -0.8204340037572412 0.0227395864672944
-0.3367117045488798 1.4494927043222368 0.4921171057912896 1.2175193588609761 2.5115214121312586 0.7311198343376426 -0.2082327253947940
-0.6046740754424351 -0.2441715341421161 -0.2665551536951589 -0.4239015766572051 -0.5019745104611887 -0.7839078576036878 -0.7622513854958112
-0.6310493754669106 -0.5398702434526588 -0.3970089874648709 -0.2780002323205963 0.2694554256704446 -0.9497555225271290 -0.4758502218141878
0.4980484603471257 1.3374575550990477 0.1333815582353974 0.5641722065032927 4.4974893248465468 0.5138139132425327 -1.7506590311000594
-0.5148738144758211 -0.0754324284167586 0.0277627429949304 -0.5687281631393197 -0.6654959798093742 -0.9255346758573505 -0.7287117684085910
-0.4601711595829309 -0.2835321471663442 -0.0262283187581947 -0.9706659256348731 -0.6830190233512966 -0.8789587551126314 -0.6353724969898130
-0.1362188983446584 -0.2095719121374013 -0.1792020406726907 -0.4150795713481222 -2.4833376275073635 -0.4958037907985295 -0.2701753332869052
0.4742913666373967 0.4141312178977249 0.3782093660386607 0.5394406554412232 1.0055846538353921 0.8175312156782668 0.2011010756834975
-0.6334687854504049 -0.1775732860706488 -0.3452272136892162 -0.2666020466351782 -0.7133579330748148 -0.9954342440011862 -0.3321736150591874
-0.7475915319744882 -0.4245317749843630 -0.1207118004642583 0.2260950905759335 -0.5808956189273323 -0.6897684781385893 -0.7999358104763815
-0.4256320159512028 -0.3715036864786637 -0.0364068639417260 -0.5981684053378702 -1.0932741340044396 -0.9376837959604284 -0.1057276478913445
0.0468545189347063 0.3259556384281167 0.2589383376986891 0.4104550377455642 3.1471067263799775 0.4903496413139298 -0.0213056238643757
-1.2811695914798922 -6.3564910305786348 -1.7529618538950518 8.5889777939325960 4.8919340945672145 -1.3148960051101355 1.8959299495853363
-1.7983141298042724 0.3256386405747665 -0.0779406238098846 0.5755993785033079 -3.1996340763732842 0.1032374571012479 -1.8140740491013059
0.3416716098472402 0.2543756092200031 0.4273588619562838 0.0198101564864354 -0.1173958576044085 1.1611644424110996 0.5766466162010518
